confidences: [       nan 0.00138343 0.07392284 0.12908354 0.18266508 0.23574372
 0.28868812 0.34164515 0.39431077 0.44710588 0.49992687 0.55271518
 0.60513073 0.65806419 0.71080405 0.76375872 0.81672531 0.86983949
 0.92371267 0.98276693]
accuracies: [           nan 4.02545321e-05 3.09860492e-02 6.37452212e-02
 9.32171582e-02 1.26223999e-01 1.57320311e-01 1.90527308e-01
 2.26940057e-01 2.57559792e-01 2.98282021e-01 3.37953795e-01
 3.81926008e-01 4.36214961e-01 4.91888593e-01 5.42615354e-01
 6.22040717e-01 7.05695537e-01 8.15867270e-01 9.67447014e-01]
ind_eces: [0.035252575981303276, 0.11256461704006626, 0.1466794305398853, 0.06859555739880514, 0.11112282316207095, 0.12835641571907438, 0.0564629132581034, 0.05709180860260342, 0.02663115684929425, 0.23229728596199106, 0.19399210308279516, 0.13714342356980247, 0.06233965119882111, 0.11104941042039888, 0.07445229905030104, 0.18728090459003324, 0.2586392011539716, 0.0816640632063969, 0.11968998360536166, 0.05251468404574755, 0.20982006590239874, 0.23076389493183047, 0.059328429424840956, 0.1162732003516804, 0.15389172832811296, 0.24103368440968856, 0.14775734351787553, 0.1589534175975198, 0.08921630774059464, 0.08840701428571275, 0.02377859610689, 0.1758615219461101, 0.03473956609217111, 0.22315976025158862, 0.20940962372613933, 0.15988721349580853, 0.1435705268919417, 0.07146768501644836, 0.27503760482844286, 0.18919687344045044, 0.22247720737787702, 0.2823271947141677, 0.19264440977192734, 0.14913412062394915, 0.1659260826125643, 0.040418101276653066, 0.22559332743669927, 0.08417599056814368, 0.07706138136088267, 0.1320506689242142, 0.13605684030929036, 0.04476363286625758, 0.12551363679423197, 0.20182718800339716, 0.04624782619404973, 0.06821318970979172, 0.05560673518550204, 0.14483798962352293, 0.049713935232972316, 0.2884465929203981, 0.18066514711325443, 0.20289865070620158, 0.11823456222409695, 0.18060162667972296, 0.0921977100349567, 0.16125263688015082, 0.2493220536143746, 0.23193846074390065, 0.20505115471020152, 0.0911128758910454, 0.19042937805587742, 0.4053891949046691, 0.263957860186129, 0.18092478898647762, 0.13381154114451518, 0.09052401887289874, 0.02293667787962197, 0.1320888255983298, 0.20625631512359593, 0.0985957680166539, 0.10343837944410389, 0.03793368716424533, 0.0837311662804699, 0.1110699203516969, 0.0143816391394006, 0.1010219401378246, 0.09589410765760915, 0.18343355631225844, 0.258135092720171, 0.19932323797057647, 0.04798026322739663, 0.11701489201969907, 0.04988239014981081, 0.046555020151756436, 0.19121036412586687, 0.29803733179175995, 0.2852227142358433, 0.0807631779747408, 0.09343099708491448, 0.16895802444668753, 0.09774748510004737, 0.3139405157682969, 0.06888013007940733, 0.11122977574564362, 0.07669162734858673, 0.2142431849615286, 0.28951630693830377, 0.06677455568462107, 0.01220758520114541, 0.16774043631365496]
ind_hd95s: [3.0, 1.0, 1.4142135381698608, 25.723464965820312, 1.0, 1.4142135381698608, 2.2360680103302, 10.76963996887207, 2.2360680103302, 1.4142135381698608, 1.4142135381698608, 1.0, 8.16679859161377, 1.0, 5.099019527435303, 1.4142135381698608, 5.990580081939697, 27.817148208618164, 1.4142135381698608, 6.898770332336426, 1.7320507764816284, 1.7320507764816284, 1.0, 3.316624879837036, 1.4142135381698608, 1.4142135381698608, 1.4142135381698608, 1.0, 2.2360680103302, 7.456345558166504, 4.668847560882568, 1.0, 7.549834251403809, 1.4142135381698608, 1.3727922439575195, 1.4142135381698608, 3.0, 1.7320507764816284, 1.7320507764816284, 1.7320507764816284, 1.0, 2.8284270763397217, 3.1622776985168457, 7.980788707733154, 2.0, 6.4031243324279785, 1.0, 1.4142135381698608, 21.98749351501465, 2.2360680103302, 1.4142135381698608, 1.0, 1.0, 7.745697498321533, 15.126123428344727, 4.135059356689453, 4.123105525970459, 1.4142135381698608, 9.219544410705566, 3.7416574954986572, 1.7320507764816284, 1.0, 1.0, 1.4142135381698608, 1.0, 1.0, 1.0, 1.0, 2.0, 10.87650203704834, 1.4142135381698608, 15.066518783569336, 1.7320507764816284, 2.0, 1.0, 1.0, 1.0, 1.0, 17.210458755493164, 3.316624879837036, 7.251378536224365, 3.2085816860198975, 14.87109661102295, 1.0, 1.4142135381698608, 4.711272239685059, 1.4142135381698608, 11.517359733581543, 6.324555397033691, 7.4833149909973145, 1.7320507764816284, 1.0, 1.0, 1.4142135381698608, 1.4142135381698608, 4.4721360206604, 10.600984573364258, 8.045591354370117, 5.74456262588501, 1.4142135381698608, 1.0, 22.279443740844727, 1.4142135381698608, 4.690415859222412, 1.0, 4.123105525970459, 13.747727394104004, 15.138100624084473, 1.0, 2.2360680103302]
ind_dices: [0.7074681520462036, 0.8688014149665833, 0.7928975224494934, 0.5153664350509644, 0.8509058952331543, 0.7798452973365784, 0.6833558678627014, 0.6607142686843872, 0.7040089964866638, 0.7585090398788452, 0.8023248910903931, 0.8533895611763, 0.6007905006408691, 0.8950415849685669, 0.6955314874649048, 0.7994973659515381, 0.6820371747016907, 0.2391590029001236, 0.7224558591842651, 0.5874999761581421, 0.7282127141952515, 0.7896495461463928, 0.8507645130157471, 0.6975451707839966, 0.7034252285957336, 0.7284393310546875, 0.8076524138450623, 0.8793545365333557, 0.6547945141792297, 0.6129917502403259, 0.7002444863319397, 0.8374394178390503, 0.5543071031570435, 0.8389546871185303, 0.8247422575950623, 0.7897776365280151, 0.7092417478561401, 0.75, 0.7834407091140747, 0.7261332869529724, 0.8477271199226379, 0.7078870534896851, 0.6774635314941406, 0.601792573928833, 0.7481089234352112, 0.7162379622459412, 0.8376803398132324, 0.7978448867797852, 0.5387870073318481, 0.8215070962905884, 0.7815750241279602, 0.9016920328140259, 0.909142792224884, 0.6516556143760681, 0.742094874382019, 0.6475409865379333, 0.6891891956329346, 0.7933989763259888, 0.7672469615936279, 0.7271923422813416, 0.8334194421768188, 0.8738906979560852, 0.8834826946258545, 0.7838372588157654, 0.8530536890029907, 0.8619881272315979, 0.8444961905479431, 0.8714123964309692, 0.7314205765724182, 0.6513158082962036, 0.7319074273109436, 0.42647966742515564, 0.7853321433067322, 0.7984387874603271, 0.8478553295135498, 0.880530595779419, 0.9010099172592163, 0.8573614954948425, 0.7571218609809875, 0.7867902517318726, 0.6978417038917542, 0.7188090682029724, 0.5473908185958862, 0.8633825182914734, 0.7988699078559875, 0.7665517926216125, 0.7980295419692993, 0.6563396453857422, 0.6789247989654541, 0.7914116978645325, 0.8693912029266357, 0.9014250636100769, 0.9037103652954102, 0.8017728924751282, 0.8488823175430298, 0.7097814679145813, 0.5770277380943298, 0.7221764326095581, 0.6698995232582092, 0.8160595893859863, 0.8344560265541077, 0.45122987031936646, 0.821842610836029, 0.7444389462471008, 0.8953911066055298, 0.7302553653717041, 0.47566482424736023, 0.5282713770866394, 0.8694113492965698, 0.8256664872169495]
ind_avds: [23.69942283630371, 9.857498168945312, 22.60150909423828, 43.91143798828125, 10.089428901672363, 16.58867835998535, 6.5445027351379395, 11.447811126708984, 11.244695663452148, 43.939823150634766, 28.961448669433594, 13.24852180480957, 43.634117126464844, 7.165923595428467, 32.10624313354492, 22.97633934020996, 61.330936431884766, 82.0155029296875, 17.36745834350586, 24.81751823425293, 39.011474609375, 33.4466438293457, 3.752363920211792, 5.228137016296387, 26.133501052856445, 51.61443328857422, 19.825979232788086, 14.934462547302246, 2.1680216789245605, 19.338842391967773, 16.427289962768555, 23.314542770385742, 41.543025970458984, 28.302532196044922, 27.511037826538086, 17.911645889282227, 18.13973045349121, 0.390167772769928, 44.465030670166016, 34.427032470703125, 24.900293350219727, 65.51189422607422, 34.81521224975586, 15.745856285095215, 31.523643493652344, 15.840118408203125, 31.0256404876709, 3.1698973178863525, 29.156625747680664, 10.121797561645508, 19.21824073791504, 0.881536066532135, 8.872079849243164, 50.83056640625, 1.5686274766921997, 38.053096771240234, 11.12123966217041, 16.7775936126709, 5.639097690582275, 67.12598419189453, 23.65467071533203, 20.343053817749023, 9.485491752624512, 27.588424682617188, 8.837928771972656, 14.776429176330566, 27.643354415893555, 22.210712432861328, 41.548343658447266, 11.180124282836914, 36.19377136230469, 249.21875, 41.60495376586914, 27.67375373840332, 15.726140975952148, 5.8098883628845215, 3.362170696258545, 15.821635246276855, 29.138628005981445, 3.537735939025879, 0.4307250678539276, 9.540953636169434, 17.315176010131836, 8.752392768859863, 8.190913200378418, 16.111328125, 3.378378391265869, 39.42307662963867, 61.1261100769043, 26.80788803100586, 0.6957406997680664, 7.353921413421631, 0.4268703758716583, 1.2152514457702637, 22.030893325805664, 66.51622772216797, 81.31700134277344, 1.4729950428009033, 0.6215469837188721, 18.736339569091797, 9.76236343383789, 150.89285278320312, 1.4751075506210327, 2.7054107189178467, 5.808152675628662, 41.807525634765625, 128.33607482910156, 29.94505500793457, 4.188748359680176, 23.149744033813477]
ueos: [0.00151625438593328, 0.0026113081257790327, 0.05587109178304672, 0.20452043414115906, 0.26570358872413635, 0.3090205788612366, 0.34282904863357544, 0.37055206298828125, 0.39331069588661194, 0.4107106029987335, 0.423064261674881, 0.42771998047828674, 0.4199613630771637, 0.3853943943977356, 0.11765678226947784, 0.03786958381533623, 0.025625767186284065, 0.01849367842078209, 0.013369432650506496, 0.0094952043145895, 0.005709574092179537, 0.0027660191990435123]
mean_FN_coverage: [0.6600391268730164, 0.6599118113517761, 0.6510044932365417, 0.6328988671302795, 0.6135663986206055, 0.5916265845298767, 0.5695039629936218, 0.5461587905883789, 0.5183877944946289, 0.4897727370262146, 0.4515785574913025, 0.41071683168411255, 0.358700156211853, 0.2773304581642151, 0.050456248223781586, 0.009945165365934372, 0.006111790891736746, 0.004486365709453821, 0.003091010730713606, 0.0022710729390382767, 0.0012384174624457955, 0.0007528908317908645]
size_entirely_missed_lesions: [nan, nan, 2.2857143878936768, 2.8131868839263916, 3.0949366092681885, 2.9631335735321045, 3.208191156387329, 3.117142915725708, 3.173516035079956, 3.135999917984009, 3.1311755180358887, 3.2511210441589355, 3.349306344985962, 3.4314558506011963, 3.587761640548706, 3.6312055587768555, 3.6299211978912354, 3.6443746089935303, 3.643362045288086, 3.647566795349121, 3.6473355293273926, 3.646045446395874]
mean_missed_lesion_coverage: [1.0, 0.9994328022003174, 0.9590369462966919, 0.879757285118103, 0.8018713593482971, 0.7207678556442261, 0.6465043425559998, 0.5762782692909241, 0.5000274181365967, 0.43362662196159363, 0.359607070684433, 0.2903696894645691, 0.21826806664466858, 0.14153403043746948, 0.015973756089806557, 0.005970065947622061, 0.0044914125464856625, 0.0036468221805989742, 0.002454174216836691, 0.0020570384804159403, 0.0012565619545057416, 0.0008377080084756017]
prop_entirely_missed: [0.0, 0.0, 0.003422425128519535, 0.014830508269369602, 0.025749674066901207, 0.03536505997180939, 0.04775097966194153, 0.057040415704250336, 0.07138200849294662, 0.0814863070845604, 0.09566492587327957, 0.10902868211269379, 0.12923729419708252, 0.15335723757743835, 0.20241199433803558, 0.20681226253509521, 0.20697522163391113, 0.20713819563388824, 0.20746414363384247, 0.20762711763381958, 0.2079530656337738, 0.20811603963375092]
