bras: 0.891670415798823
ece: 0.14376322392750907
dice: 0.75
f1: 0.6899999976158142
avd: 26.440000534057617
hd95: 4.429999828338623
recall: 0.6800000071525574
max ueo: 0.42771998047828674
undetected clusters at max ueo: 0.10902868211269379
confidences: [       nan 0.00138343 0.07392284 0.12908354 0.18266508 0.23574372
 0.28868812 0.34164515 0.39431077 0.44710588 0.49992687 0.55271518
 0.60513073 0.65806419 0.71080405 0.76375872 0.81672531 0.86983949
 0.92371267 0.98276693]
accuracies: [           nan 4.02545321e-05 3.09860492e-02 6.37452212e-02
 9.32171582e-02 1.26223999e-01 1.57320311e-01 1.90527308e-01
 2.26940057e-01 2.57559792e-01 2.98282021e-01 3.37953795e-01
 3.81926008e-01 4.36214961e-01 4.91888593e-01 5.42615354e-01
 6.22040717e-01 7.05695537e-01 8.15867270e-01 9.67447014e-01]
