confidences: [           nan 2.99000007e-04 7.61802197e-02 1.30937561e-01
 1.83813125e-01 2.36236006e-01 2.88326263e-01 3.40904146e-01
 3.93593699e-01 4.46376234e-01 4.99250501e-01 5.52182317e-01
 6.04794145e-01 6.57795370e-01 7.10580170e-01 7.63435125e-01
 8.16377878e-01 8.69303763e-01 9.21342194e-01 9.65305507e-01]
accuracies: [           nan 5.14988472e-05 5.46508879e-03 8.12830671e-03
 1.32789243e-02 2.66634836e-02 5.70603142e-02 1.14247294e-01
 1.94022952e-01 2.95656631e-01 4.04937161e-01 5.15016984e-01
 6.19147706e-01 7.18863384e-01 8.09574901e-01 8.76692104e-01
 9.31898102e-01 9.67986153e-01 9.86769871e-01 9.93949772e-01]
ind_eces: [0.11062927198875239, 0.11572850456086609, 0.14900738952762338, 0.1787296728809403, 0.16370511957816408, 0.1436913666643946, 0.16261933489712055, 0.12610175269550622, 0.088449312839636, 0.1389888108685248, 0.13524441962655542, 0.114100719297453, 0.13171098409422102, 0.11332647957899224, 0.08679332836291166, 0.18608983031938967, 0.24668134881535275, 0.06945748191554964, 0.15316621863647562, 0.15239847855767483, 0.22018967905164205, 0.12765874487830223, 0.10461872245351231, 0.1613032134224534, 0.1660429439119159, 0.20092793020737248, 0.1404892359458901, 0.1124702912229437, 0.19285411190103183, 0.16141076682367533, 0.10733324672642897, 0.17251782803510538, 0.1387768368028945, 0.15147798901312548, 0.1715833581938734, 0.13874165701257746, 0.15111886641261366, 0.11426715393959938, 0.22837482616899304, 0.20393971258516594, 0.11879240709008362, 0.1583527358112803, 0.130683121124431, 0.1815488375168719, 0.13075465417372534, 0.11989728574330168, 0.1650268978565125, 0.13789908287417038, 0.1562399164812689, 0.13606448246988018, 0.14428366151069533, 0.1559499474299652, 0.14328031343274705, 0.12792752690299794, 0.13718521622294225, 0.13667780791465348, 0.1243989343487072, 0.13419424557152998, 0.1268547354355572, 0.14268677963692658, 0.14097273240030456, 0.14590043860792504, 0.15529452616609524, 0.13517892523347103, 0.12951072704406472, 0.13851948738411934, 0.14920398457836004, 0.150666148680487, 0.11574437566659244, 0.10151382702951733, 0.12794899722514602, 0.14366275268772252, 0.14175968010844184, 0.1494263888577319, 0.14513791082417876, 0.148236089053895, 0.17022314717995535, 0.1437457006214857, 0.1399720519595834, 0.1440287581596812, 0.13262161112470544, 0.10270080171554594, 0.15821210193592988, 0.11344191527665254, 0.10835235465265351, 0.0953850649722367, 0.15216633477151184, 0.1575544539205107, 0.1399173919129602, 0.14867621893272734, 0.11727954075090735, 0.12392988629041662, 0.11715361712154831, 0.09633981998955941, 0.14011257001183608, 0.18545951607158753, 0.2812261332148265, 0.1669882402064731, 0.09783754616978588, 0.13986854692593426, 0.12891856142495012, 0.2988980901093213, 0.12141527774286913, 0.20076660678458305, 0.11499309310353716, 0.13857451723703235, 0.25330333631462554, 0.12713726838016276, 0.11113820080321217, 0.20709149500981086]
ind_hd95s: [4.123105525970459, 1.0, 1.4142135381698608, 26.130334854125977, 1.4142135381698608, 1.4142135381698608, 22.156251907348633, 1.7320507764816284, 2.0, 1.7320507764816284, 1.0, 1.0, 10.280945777893066, 1.0, 4.614927768707275, 1.7320507764816284, 9.418036460876465, 12.754855155944824, 2.4494898319244385, 26.12525749206543, 4.636495590209961, 2.0, 1.0, 3.0, 2.0, 2.0, 1.4142135381698608, 1.4142135381698608, 4.200803279876709, 5.9660844802856445, 3.1622776985168457, 1.0, 8.830869674682617, 1.0, 1.0, 4.582575798034668, 3.1622776985168457, 2.0, 2.0, 3.0, 1.0, 1.4142135381698608, 4.499745845794678, 7.071067810058594, 1.4142135381698608, 4.9040303230285645, 1.4142135381698608, 5.099019527435303, 22.104114532470703, 2.4494898319244385, 1.4142135381698608, 1.4142135381698608, 1.4142135381698608, 7.668071269989014, 4.242640495300293, 4.593359470367432, 10.828185081481934, 1.7320507764816284, 9.040765762329102, 1.4142135381698608, 1.4142135381698608, 1.0, 1.4142135381698608, 1.7320507764816284, 1.4142135381698608, 1.4142135381698608, 1.4142135381698608, 1.0, 2.2360680103302, 5.421104431152344, 2.3427789211273193, 15.140996932983398, 1.0, 2.0, 1.7320507764816284, 1.4142135381698608, 2.0, 1.4142135381698608, 17.2625789642334, 5.784423351287842, 9.515740394592285, 6.774203777313232, 12.545784950256348, 1.4142135381698608, 1.4142135381698608, 6.811203956604004, 1.7320507764816284, 7.681145668029785, 5.0, 5.196152210235596, 5.069013595581055, 1.0, 1.0, 1.4142135381698608, 1.0, 4.242640495300293, 17.029386520385742, 13.057522773742676, 5.4772257804870605, 4.773841381072998, 1.0, 24.963695526123047, 1.4142135381698608, 10.307743072509766, 1.0, 3.316624879837036, 18.6225643157959, 11.388572692871094, 1.4142135381698608, 4.582575798034668]
ind_dices: [0.7337241768836975, 0.8626569509506226, 0.767170786857605, 0.5035714507102966, 0.8221439123153687, 0.7693843841552734, 0.6561264991760254, 0.6779140830039978, 0.694185197353363, 0.7577562928199768, 0.8108653426170349, 0.8522099256515503, 0.64453125, 0.8904809951782227, 0.6927602887153625, 0.7555853128433228, 0.5891795754432678, 0.4750499129295349, 0.6886503100395203, 0.5568760633468628, 0.647804856300354, 0.8189711570739746, 0.8309901356697083, 0.6663944721221924, 0.6883983612060547, 0.7127286195755005, 0.7997757792472839, 0.8638208508491516, 0.5985401272773743, 0.5545390844345093, 0.6874435544013977, 0.8135331273078918, 0.5683607459068298, 0.8478161096572876, 0.8058275580406189, 0.7672972083091736, 0.6885964870452881, 0.724470853805542, 0.7573542594909668, 0.6689395308494568, 0.8678153157234192, 0.779001772403717, 0.6833041906356812, 0.5359911322593689, 0.7399752140045166, 0.7200621962547302, 0.8358418941497803, 0.7681189775466919, 0.48430493474006653, 0.8205457329750061, 0.797538697719574, 0.8645212650299072, 0.876826822757721, 0.6869009733200073, 0.7386990189552307, 0.6443299055099487, 0.6830266118049622, 0.7971923351287842, 0.7525562644004822, 0.8019216656684875, 0.8404302000999451, 0.8885045051574707, 0.8601416945457458, 0.7891644835472107, 0.8252983093261719, 0.8699408769607544, 0.8929818868637085, 0.8977680206298828, 0.7486481666564941, 0.550000011920929, 0.7257834672927856, 0.7305299043655396, 0.8494004011154175, 0.7872619032859802, 0.8306183218955994, 0.863897979259491, 0.8037777543067932, 0.8438133597373962, 0.785381555557251, 0.7467866539955139, 0.6654438972473145, 0.6609581112861633, 0.5496575236320496, 0.8479767441749573, 0.7795071601867676, 0.7532920241355896, 0.7605833411216736, 0.6596243977546692, 0.7338518500328064, 0.8022734522819519, 0.8493382930755615, 0.8942358493804932, 0.8865995407104492, 0.7719939351081848, 0.8511765003204346, 0.7370671033859253, 0.4360587000846863, 0.6607142686843872, 0.6352605223655701, 0.8040452599525452, 0.8067783117294312, 0.32328104972839355, 0.7955016493797302, 0.6228137016296387, 0.883719265460968, 0.7381963729858398, 0.42369839549064636, 0.5695364475250244, 0.857602059841156, 0.6861479878425598]
ind_avds: [8.15671157836914, 2.1963655948638916, 28.09917449951172, 6.642066478729248, 27.814722061157227, 26.79245376586914, 31.80628204345703, 19.52861976623535, 2.97029709815979, 27.30606460571289, 17.684181213378906, 4.6260600090026855, 10.135970115661621, 1.4608641862869263, 17.847158432006836, 32.721046447753906, 102.51798248291016, 44.651161193847656, 38.3912239074707, 14.96350383758545, 71.40335083007812, 12.432432174682617, 1.7716730833053589, 32.794677734375, 45.340049743652344, 57.02754211425781, 21.731924057006836, 1.4905463457107544, 59.891597747802734, 34.876033782958984, 1.25673246383667, 33.258174896240234, 7.270029544830322, 23.305953979492188, 31.070640563964844, 10.896921157836914, 30.303030014038086, 10.144362449645996, 53.49699020385742, 72.91870880126953, 0.15953204035758972, 29.98965835571289, 14.62238883972168, 49.447513580322266, 11.821366310119629, 9.622502326965332, 27.852563858032227, 17.7423038482666, 14.939759254455566, 3.758924722671509, 5.130293369293213, 17.630720138549805, 15.404106140136719, 7.973422050476074, 22.156862258911133, 28.318584442138672, 21.695533752441406, 14.309484481811523, 16.16541290283203, 13.070866584777832, 11.208319664001465, 6.620926380157471, 14.142891883850098, 2.9581992626190186, 13.20535945892334, 4.649096965789795, 3.844878911972046, 2.204794406890869, 6.186612606048584, 26.086956024169922, 5.674740314483643, 34.92943572998047, 3.2179884910583496, 18.2481746673584, 15.964730262756348, 12.002663612365723, 29.807313919067383, 12.733278274536133, 12.180350303649902, 16.50943374633789, 4.307250499725342, 5.535553455352783, 27.237354278564453, 8.357983589172363, 7.16965389251709, 2.430419445037842, 30.055917739868164, 34.06593322753906, 28.07558822631836, 22.766008377075195, 9.596131324768066, 1.016440749168396, 5.182355880737305, 8.856144905090332, 15.244365692138672, 51.34321975708008, 165.23736572265625, 38.29787063598633, 6.49171257019043, 14.146632194519043, 13.50888442993164, 293.452392578125, 7.682851791381836, 63.52705383300781, 2.187856435775757, 27.7944393157959, 167.0510711669922, 13.324175834655762, 9.763554573059082, 45.86848068237305]
ueos: [0.0015498573193326592, 0.09594132751226425, 0.11577796936035156, 0.1312943696975708, 0.14497028291225433, 0.1578644961118698, 0.17102842032909393, 0.18551845848560333, 0.20298580825328827, 0.22503460943698883, 0.2531002163887024, 0.29216498136520386, 0.34680745005607605, 0.41011306643486023, 0.0034027942456305027, 0.0, 0.0, 0.0, 0.0, 0.0, 0.0, 0.0]
mean_FN_coverage: [0.7286505699157715, 0.6471344232559204, 0.6366541385650635, 0.6297909617424011, 0.6245949864387512, 0.6193019151687622, 0.6142659783363342, 0.6096771359443665, 0.6040869951248169, 0.5974065661430359, 0.5900599956512451, 0.5770775079727173, 0.5477777719497681, 0.4633616805076599, 0.0018714671023190022, 0.0, 0.0, 0.0, 0.0, 0.0, 0.0, 0.0]
size_entirely_missed_lesions: [nan, 4.868365287780762, 4.677419185638428, 4.538188457489014, 4.468376159667969, 4.395387172698975, 4.338050365447998, 4.304281234741211, 4.2814812660217285, 4.241820812225342, 4.206371307373047, 4.153846263885498, 4.101990222930908, 4.042372703552246, 4.060301303863525, 4.058823585510254, 4.058823585510254, 4.058823585510254, 4.058823585510254, 4.058823585510254, 4.058823585510254, 4.058823585510254]
mean_missed_lesion_coverage: [1.0, 0.6462953090667725, 0.603428304195404, 0.5759093165397644, 0.5566507577896118, 0.5358075499534607, 0.5168617367744446, 0.5012619495391846, 0.48217126727104187, 0.45916974544525146, 0.4376663863658905, 0.4054645001888275, 0.3486112058162689, 0.22961819171905518, 0.0007173601188696921, 0.0, 0.0, 0.0, 0.0, 0.0, 0.0, 0.0]
prop_entirely_missed: [0.0, 0.07676010578870773, 0.08588656783103943, 0.09175358712673187, 0.09533898532390594, 0.09892438352108002, 0.10365058481693268, 0.1065840944647789, 0.11000651866197586, 0.114569753408432, 0.11766622960567474, 0.12288135290145874, 0.13102999329566956, 0.1538461595773697, 0.22702085971832275, 0.22718383371829987, 0.22718383371829987, 0.22718383371829987, 0.22718383371829987, 0.22718383371829987, 0.22718383371829987, 0.22718383371829987]
