bras: 0.7891684994101524
ece: 0.11102727762499928
dice: 0.7400000095367432
f1: 0.6499999761581421
avd: 25.479999542236328
hd95: 4.949999809265137
recall: 0.6700000166893005
max ueo: 0.41011306643486023
undetected clusters at max ueo: 0.1538461595773697
confidences: [           nan 2.99000007e-04 7.61802197e-02 1.30937561e-01
 1.83813125e-01 2.36236006e-01 2.88326263e-01 3.40904146e-01
 3.93593699e-01 4.46376234e-01 4.99250501e-01 5.52182317e-01
 6.04794145e-01 6.57795370e-01 7.10580170e-01 7.63435125e-01
 8.16377878e-01 8.69303763e-01 9.21342194e-01 9.65305507e-01]
accuracies: [           nan 5.14988472e-05 5.46508879e-03 8.12830671e-03
 1.32789243e-02 2.66634836e-02 5.70603142e-02 1.14247294e-01
 1.94022952e-01 2.95656631e-01 4.04937161e-01 5.15016984e-01
 6.19147706e-01 7.18863384e-01 8.09574901e-01 8.76692104e-01
 9.31898102e-01 9.67986153e-01 9.86769871e-01 9.93949772e-01]
