confidences: [       nan 0.00190133 0.07446913 0.12927821 0.18277434 0.2359395
 0.28865635 0.34149477 0.39445788 0.44716334 0.49992654 0.55269283
 0.60536331 0.65823334 0.71079683 0.76381421 0.8167147  0.86984873
 0.92381471 0.98446739]
accuracies: [           nan 6.14580045e-05 5.98937818e-02 1.09139278e-01
 1.49884319e-01 1.86833597e-01 2.29059546e-01 2.67014868e-01
 3.07843417e-01 3.40091487e-01 3.84517159e-01 4.28172370e-01
 4.63738256e-01 5.20135684e-01 5.65455690e-01 6.22265872e-01
 6.83069580e-01 7.51758838e-01 8.42769431e-01 9.61940139e-01]
ind_eces: [0.02752060467457849, 0.03725422214371912, 0.13354634761306444, 0.14412553723844226, 0.06425921261491975, 0.11291611625183944, 0.06046529406659104, 0.0565332909744625, 0.0494704925827395, 0.18749258840958014, 0.1040154307833749, 0.028137321931770282, 0.10694821904328139, 0.044507818937300964, 0.053636856629194485, 0.1271065509877188, 0.20410335970799945, 0.08345078898767631, 0.11922582204624425, 0.1346193144426161, 0.20852402286866337, 0.20212796522793386, 0.02881697617733438, 0.09031856640484676, 0.18290060849874068, 0.21933497908154714, 0.1143643466169079, 0.10586952125486812, 0.04219802535622591, 0.11847506448359463, 0.051896809826405925, 0.14038452834407356, 0.018099702429450956, 0.18244060193684658, 0.11942656020045635, 0.1072702008916277, 0.14439298042213122, 0.06838561547924228, 0.24726852922487208, 0.16079586199556, 0.1679559537590192, 0.22280346756316907, 0.1287607058267347, 0.15414434059260052, 0.07888870541423162, 0.02401881558893845, 0.1459936087616583, 0.017816140384934287, 0.04565800741125755, 0.0824895121182751, 0.09211970008503645, 0.02073337164250684, 0.11337621351456804, 0.2351582828523307, 0.05350634161415077, 0.039926950911470686, 0.02959304491051398, 0.051616433639257414, 0.04263205129278533, 0.2360722937452667, 0.12281018988546438, 0.12144779752187579, 0.12168194302787388, 0.1588683077602866, 0.053992247728201714, 0.14870280001961256, 0.21590010932501139, 0.18033079546917502, 0.15330735010752938, 0.09373154532778998, 0.19548891869404747, 0.41424509468229287, 0.24196156872454436, 0.1544035325414642, 0.11132455803179135, 0.061440205672492657, 0.04583281832428808, 0.048072149288760496, 0.14818260954139925, 0.06147331582811449, 0.048395244607223706, 0.019997499640378644, 0.05684363906004829, 0.028666432546666763, 0.06090443903507915, 0.05374789551112567, 0.03442525099305013, 0.10776020885128292, 0.1519809530307969, 0.12837658627415036, 0.08264014315240639, 0.03863243263887597, 0.05232589268032209, 0.03088951012651954, 0.10875791522307726, 0.22681258195559512, 0.21307956579651086, 0.06344024871372944, 0.07096546363028727, 0.10234828752215012, 0.00967329430764203, 0.30774718563548575, 0.022875863558071308, 0.04447040058394377, 0.02646967618002309, 0.14662228943335306, 0.27176164910887496, 0.04860390406879844, 0.10999570824420528, 0.2334789995539889]
ind_hd95s: [2.2360680103302, 1.0, 1.4142135381698608, 27.5480899810791, 1.0, 1.4142135381698608, 2.2360680103302, 7.071067810058594, 1.4142135381698608, 1.4142135381698608, 1.0, 1.0, 8.124038696289062, 1.0, 3.316624879837036, 1.4142135381698608, 2.0, 11.575837135314941, 1.4142135381698608, 7.227499008178711, 1.7320507764816284, 1.4142135381698608, 1.0, 3.024341583251953, 1.4142135381698608, 1.4142135381698608, 1.0, 1.0, 2.0, 4.690415859222412, 4.123105525970459, 1.0, 7.874007701873779, 1.0, 1.0, 1.4142135381698608, 3.1622776985168457, 1.4142135381698608, 1.4142135381698608, 2.0, 1.0, 1.4142135381698608, 3.1622776985168457, 8.297494888305664, 1.4142135381698608, 3.3239986896514893, 1.0, 1.4142135381698608, 13.94110107421875, 2.2360680103302, 1.4142135381698608, 1.0, 1.0, 8.234039306640625, 2.3427789211273193, 3.316624879837036, 4.6095356941223145, 1.4142135381698608, 9.219544410705566, 2.2360680103302, 1.4142135381698608, 1.0, 1.0, 1.4142135381698608, 1.0, 1.0, 1.0, 1.0, 1.4142135381698608, 10.353703498840332, 1.4142135381698608, 14.866068840026855, 1.4142135381698608, 1.4142135381698608, 1.0, 1.0, 1.0, 1.0, 17.256820678710938, 4.324021339416504, 6.492114067077637, 4.123105525970459, 14.716997146606445, 1.4142135381698608, 1.4142135381698608, 4.918983459472656, 2.0, 2.837005853652954, 5.830951690673828, 5.4772257804870605, 2.0, 1.0, 1.0, 1.4142135381698608, 1.0, 2.8284270763397217, 15.165750503540039, 8.571846961975098, 2.2360680103302, 1.4142135381698608, 1.0, 25.942243576049805, 2.8284270763397217, 3.547368288040161, 1.0, 3.1622776985168457, 16.087142944335938, 21.67948341369629, 1.4142135381698608, 3.0]
ind_dices: [0.7270194888114929, 0.8640700578689575, 0.787075400352478, 0.5260960459709167, 0.8584259748458862, 0.7809902429580688, 0.6881155371665955, 0.6948853731155396, 0.7122381329536438, 0.7834665179252625, 0.8265000581741333, 0.8609284162521362, 0.576797366142273, 0.8995509147644043, 0.7056288719177246, 0.8021185994148254, 0.7234206199645996, 0.30049261450767517, 0.7323102951049805, 0.6090090274810791, 0.7287173867225647, 0.8093136548995972, 0.8570286631584167, 0.697519063949585, 0.7082091569900513, 0.7511904835700989, 0.8224117755889893, 0.8926290273666382, 0.6724637746810913, 0.6236559152603149, 0.6903504729270935, 0.8405190706253052, 0.5463138222694397, 0.8505451679229736, 0.849372386932373, 0.7984374761581421, 0.7054673433303833, 0.7450596690177917, 0.8080568909645081, 0.7416558265686035, 0.8677332997322083, 0.7680935859680176, 0.7157947421073914, 0.5902503132820129, 0.783715009689331, 0.7295345067977905, 0.873001754283905, 0.7984349131584167, 0.5837036967277527, 0.8378715515136719, 0.7935509085655212, 0.9035470485687256, 0.9142311215400696, 0.6454892158508301, 0.7775551080703735, 0.6979542970657349, 0.6925831437110901, 0.8106377124786377, 0.7637540698051453, 0.7913669347763062, 0.8473525047302246, 0.8932396173477173, 0.8784568905830383, 0.7876359224319458, 0.8706433176994324, 0.8701543807983398, 0.8649569153785706, 0.8970618844032288, 0.7743489146232605, 0.6677367687225342, 0.7379964590072632, 0.3918710947036743, 0.8135534524917603, 0.820393979549408, 0.864893913269043, 0.8952974081039429, 0.9007466435432434, 0.8845213055610657, 0.7858032584190369, 0.818888247013092, 0.6847311854362488, 0.6961801052093506, 0.5919075012207031, 0.8661336302757263, 0.7786437273025513, 0.7753371596336365, 0.7993213534355164, 0.7327643036842346, 0.6777482628822327, 0.8262932300567627, 0.855771005153656, 0.9103379249572754, 0.9057703614234924, 0.8108994364738464, 0.8742695450782776, 0.7604827880859375, 0.6379085183143616, 0.7214764952659607, 0.6944444179534912, 0.8384152054786682, 0.8383272886276245, 0.44324323534965515, 0.8200703263282776, 0.7610903382301331, 0.897609293460846, 0.763491153717041, 0.5188519954681396, 0.5135135054588318, 0.8479457497596741, 0.7954444289207458]
ind_avds: [15.542710304260254, 0.05229441821575165, 16.852317810058594, 23.24723243713379, 4.2421464920043945, 12.48301887512207, 0.6544502377510071, 9.090909004211426, 7.567185401916504, 30.67230796813965, 10.810811042785645, 2.634284257888794, 48.70210266113281, 0.3152391314506531, 26.98042869567871, 11.612702369689941, 33.4532356262207, 74.10852813720703, 14.442413330078125, 2.5547444820404053, 33.27449417114258, 24.731122970581055, 0.8261172771453857, 0.7604562640190125, 32.430728912353516, 39.31623840332031, 13.714522361755371, 8.827281951904297, 13.008130073547363, 0.1652892529964447, 13.016158103942871, 15.46786880493164, 43.02670669555664, 21.81154441833496, 11.037528038024902, 5.622489929199219, 14.772727012634277, 0.5852516293525696, 34.55303192138672, 25.954946517944336, 16.45174217224121, 34.33298873901367, 12.961971282958984, 9.668508529663086, 6.479859828948975, 15.544041633605957, 16.538461685180664, 7.662485599517822, 37.349395751953125, 2.0579588413238525, 7.084690570831299, 3.5623717308044434, 6.796586990356445, 61.461795806884766, 4.313725471496582, 16.150442123413086, 21.786691665649414, 0.8319467306137085, 6.390977382659912, 40.78740310668945, 12.925057411193848, 9.828473091125488, 9.851255416870117, 24.694534301757812, 3.671734094619751, 11.978087425231934, 20.57231330871582, 14.04261589050293, 24.577417373657227, 6.5217390060424805, 33.494808197021484, 291.0786437988281, 33.25703430175781, 19.105045318603516, 12.219917297363281, 3.1962709426879883, 7.1028313636779785, 2.510322093963623, 16.150739669799805, 2.712264060974121, 33.09403991699219, 22.097209930419922, 31.71206283569336, 8.491386413574219, 20.82117462158203, 3.449627637863159, 7.735321521759033, 9.203296661376953, 25.048206329345703, 10.396883010864258, 14.457831382751465, 0.027771607041358948, 7.2717742919921875, 5.4382500648498535, 10.167130470275879, 40.38254928588867, 34.30321502685547, 4.9099836349487305, 6.077348232269287, 4.60957670211792, 4.945407867431641, 130.35714721679688, 7.682851791381836, 12.525050163269043, 2.9575257301330566, 18.497819900512695, 92.75123596191406, 47.52747344970703, 16.683652877807617, 30.239824295043945]
ueos: [0.0013968093553557992, 0.005680102854967117, 0.15873241424560547, 0.24610231816768646, 0.29710710048675537, 0.33385515213012695, 0.36270037293434143, 0.38649097084999084, 0.4044495224952698, 0.4182761311531067, 0.42670801281929016, 0.4302721321582794, 0.42405614256858826, 0.39871594309806824, 0.28757956624031067, 0.07357873022556305, 0.03463200107216835, 0.02150363102555275, 0.01457054540514946, 0.00996391661465168, 0.006266220472753048, 0.002967997221276164]
mean_FN_coverage: [0.6908409595489502, 0.6859335899353027, 0.6680523753166199, 0.6466467380523682, 0.6262187361717224, 0.6038849353790283, 0.5814856886863708, 0.5565221905708313, 0.5292445421218872, 0.4973648190498352, 0.4622418284416199, 0.420152485370636, 0.36743611097335815, 0.2979900538921356, 0.16734060645103455, 0.0277873445302248, 0.010581282898783684, 0.006849773693829775, 0.004955647513270378, 0.0025619948282837868, 0.0017084467690438032, 0.0006875310791656375]
size_entirely_missed_lesions: [nan, 3.076923131942749, 3.200000047683716, 3.255319118499756, 3.3203883171081543, 3.2204723358154297, 3.2910215854644775, 3.1775457859039307, 3.1945700645446777, 3.34883713722229, 3.355592727661133, 3.449275255203247, 3.527885913848877, 3.5668933391571045, 3.709523916244507, 3.7678720951080322, 3.8090908527374268, 3.8113672733306885, 3.8118324279785156, 3.849550247192383, 3.848856210708618, 3.851670742034912]
mean_missed_lesion_coverage: [1.0, 0.9773820042610168, 0.8971121311187744, 0.8072112202644348, 0.7312046885490417, 0.6592886447906494, 0.5888330340385437, 0.5211150050163269, 0.45948100090026855, 0.3980274498462677, 0.33207955956459045, 0.2692483961582184, 0.21247239410877228, 0.1487259417772293, 0.07035207748413086, 0.015392235480248928, 0.008019871078431606, 0.005547405686229467, 0.00393050629645586, 0.001930205151438713, 0.0012679684441536665, 0.00010848929377971217]
prop_entirely_missed: [0.0, 0.0021186440717428923, 0.011408083140850067, 0.022979140281677246, 0.03357236087322235, 0.041395045816898346, 0.0526401549577713, 0.062418513000011444, 0.07203389704227448, 0.08409386873245239, 0.09762059897184372, 0.11245110630989075, 0.12565189599990845, 0.14374184608459473, 0.1711212545633316, 0.19377444684505463, 0.1971968710422516, 0.19784876704216003, 0.19833767414093018, 0.19931551814079285, 0.19947849214076996, 0.1999673992395401]
