bras: 0.9132946381966273
ece: 0.08464014116006818
dice: 0.7599999904632568
f1: 0.7200000286102295
avd: 20.459999084472656
hd95: 3.9200000762939453
recall: 0.699999988079071
max ueo: 0.4302721321582794
undetected clusters at max ueo: 0.11245110630989075
confidences: [       nan 0.00190133 0.07446913 0.12927821 0.18277434 0.2359395
 0.28865635 0.34149477 0.39445788 0.44716334 0.49992654 0.55269283
 0.60536331 0.65823334 0.71079683 0.76381421 0.8167147  0.86984873
 0.92381471 0.98446739]
accuracies: [           nan 6.14580045e-05 5.98937818e-02 1.09139278e-01
 1.49884319e-01 1.86833597e-01 2.29059546e-01 2.67014868e-01
 3.07843417e-01 3.40091487e-01 3.84517159e-01 4.28172370e-01
 4.63738256e-01 5.20135684e-01 5.65455690e-01 6.22265872e-01
 6.83069580e-01 7.51758838e-01 8.42769431e-01 9.61940139e-01]
