confidences: [           nan 5.51165140e-04 7.49470443e-02 1.29458770e-01
 1.82882354e-01 2.35968888e-01 2.88785636e-01 3.41639370e-01
 3.94380271e-01 4.47297305e-01 4.99869794e-01 5.52715778e-01
 6.05286419e-01 6.58238947e-01 7.10858583e-01 7.63826489e-01
 8.16673398e-01 8.69900942e-01 9.23704982e-01 9.82611358e-01]
accuracies: [           nan 6.44445302e-05 6.46268104e-02 1.09576507e-01
 1.49581419e-01 1.91884181e-01 2.25651943e-01 2.63599136e-01
 3.00550719e-01 3.40231009e-01 3.82856473e-01 4.23983038e-01
 4.71105919e-01 5.14221641e-01 5.73087926e-01 6.30558125e-01
 6.98530378e-01 7.67119445e-01 8.55191980e-01 9.63280912e-01]
ind_eces: [0.03819871195135692, 0.05293739024628689, 0.12480185609242203, 0.17742691508599065, 0.07786797275386453, 0.14153196917914393, 0.024441291839941835, 0.05208233858106346, 0.033664671665653484, 0.22045869991408062, 0.1262915426553527, 0.05599783834378522, 0.06724755593631872, 0.061104073561394884, 0.0632253302787519, 0.14859080353580115, 0.18991564894551338, 0.09517418454613064, 0.1515473720634507, 0.11804583846618637, 0.20044307283481308, 0.20333056749040582, 0.02206399943946656, 0.09040545695750865, 0.1323459476915922, 0.2315301760454273, 0.11972795780572658, 0.08070852881998197, 0.05628727520160616, 0.030969556685770845, 0.03566270829172725, 0.14455443215292363, 0.03753163586196887, 0.15366350400107726, 0.1391638253636007, 0.14477931434957497, 0.15571880287534715, 0.06544125157362887, 0.2507145600241075, 0.14269858459319817, 0.1815410346497347, 0.15698476562623156, 0.12874942254088337, 0.11433557279774746, 0.08487496742710715, 0.02473924922583359, 0.15084594571914797, 0.07413469475047163, 0.04889353353541965, 0.10211516853280302, 0.13384986059627485, 0.051319682937437126, 0.10553432460966222, 0.2136586232438725, 0.04354175703081044, 0.036232480118074006, 0.027987908623749478, 0.08932639397665011, 0.04986932758405975, 0.17895365968020802, 0.11979055451450181, 0.1781277959732066, 0.0541036280197411, 0.13067401777500556, 0.07672800882400989, 0.1256288611749054, 0.20451766187152776, 0.17040044742837565, 0.13787074474382305, 0.0830168107478974, 0.1779230606765641, 0.40789885437514267, 0.22437111428609788, 0.14017787388746655, 0.11556144476411147, 0.032606802731228596, 0.036078977359623225, 0.04319984390123165, 0.1275667545249888, 0.08590923493702764, 0.0198984069786967, 0.021213223525154427, 0.045912199120291056, 0.017755495160633877, 0.051195688659912024, 0.0376394697939906, 0.04707876429153363, 0.07372982266096315, 0.14663605643280514, 0.12466712938716389, 0.07683581839810756, 0.030034537881961414, 0.07654026820282339, 0.021160747622570104, 0.11632823315182761, 0.21127698705345402, 0.21857476703504872, 0.08450245392725599, 0.020125503197852706, 0.1363181399211487, 0.03817134109156793, 0.2908337661424473, 0.02415204884979273, 0.10841593519872987, 0.05853858746925284, 0.16469871269572034, 0.23406669346297257, 0.02654133302084748, 0.11146244487100036, 0.24919951157144762]
ind_hd95s: [2.4494898319244385, 1.0, 1.4142135381698608, 26.410911560058594, 1.4142135381698608, 1.4142135381698608, 3.0, 2.2360680103302, 2.0590169429779053, 1.4142135381698608, 1.0, 1.0, 9.899495124816895, 1.0, 4.582575798034668, 1.4142135381698608, 1.7320507764816284, 25.286279678344727, 2.0, 7.856869220733643, 1.4142135381698608, 1.4142135381698608, 1.0, 3.316624879837036, 1.4142135381698608, 1.4142135381698608, 1.4142135381698608, 1.0, 2.4494898319244385, 6.049426078796387, 3.7144360542297363, 1.0, 7.874007701873779, 1.0, 1.0, 1.4142135381698608, 2.2360680103302, 1.4142135381698608, 2.0, 1.7320507764816284, 1.0, 1.4142135381698608, 3.7416574954986572, 14.86269760131836, 1.4142135381698608, 5.74456262588501, 1.0, 1.4142135381698608, 23.071134567260742, 2.2360680103302, 1.4142135381698608, 1.0, 1.0, 7.039087295532227, 4.4721360206604, 5.761714458465576, 8.246211051940918, 1.4142135381698608, 9.219544410705566, 2.0, 1.4142135381698608, 1.0, 1.0, 1.4142135381698608, 1.0, 1.0, 1.0, 1.0, 1.4142135381698608, 15.0, 1.4142135381698608, 17.11724281311035, 1.4142135381698608, 1.4142135381698608, 1.0, 1.0, 1.0, 1.0, 17.498567581176758, 3.7008254528045654, 12.041594505310059, 4.123105525970459, 14.357906341552734, 1.4142135381698608, 1.4142135381698608, 4.918983459472656, 2.0, 5.956857204437256, 5.0, 5.809354782104492, 2.0, 1.0, 1.0, 1.4142135381698608, 1.0, 2.8284270763397217, 13.747727394104004, 12.922673225402832, 4.560487747192383, 1.0, 1.0, 23.999757766723633, 1.4142135381698608, 6.102330684661865, 1.0, 2.8284270763397217, 14.456831932067871, 12.175678253173828, 1.4142135381698608, 3.0]
ind_dices: [0.7092301845550537, 0.8747677206993103, 0.7915006875991821, 0.5188118815422058, 0.8376350998878479, 0.7740657329559326, 0.6789772510528564, 0.6797152757644653, 0.70496666431427, 0.7644697427749634, 0.8227751851081848, 0.8678947687149048, 0.6343340873718262, 0.8995910882949829, 0.7064245343208313, 0.7985085248947144, 0.728265106678009, 0.27075350284576416, 0.7078651785850525, 0.5992646813392639, 0.7309021353721619, 0.8055996894836426, 0.8521843552589417, 0.6911343932151794, 0.7107152938842773, 0.7355611324310303, 0.8145503401756287, 0.8905664682388306, 0.6340740919113159, 0.6205607652664185, 0.7034745216369629, 0.8464481234550476, 0.5496183037757874, 0.8529626131057739, 0.8480865955352783, 0.7911651730537415, 0.701509416103363, 0.756482720375061, 0.7902570962905884, 0.7288023233413696, 0.861537516117096, 0.7898533940315247, 0.7081555724143982, 0.6064879894256592, 0.782608687877655, 0.7132924199104309, 0.8613482713699341, 0.7884940505027771, 0.5714285969734192, 0.8285714387893677, 0.7972315549850464, 0.9064027070999146, 0.9129886031150818, 0.6693227291107178, 0.7595190405845642, 0.607387125492096, 0.6936708688735962, 0.7946100234985352, 0.7817836999893188, 0.8120713233947754, 0.8457549810409546, 0.8852173089981079, 0.8848981857299805, 0.7846153974533081, 0.8597602844238281, 0.8762201070785522, 0.868947446346283, 0.8983756899833679, 0.772914469242096, 0.6327868700027466, 0.7336089611053467, 0.38126009702682495, 0.8245933651924133, 0.8210434317588806, 0.8537553548812866, 0.895061731338501, 0.9050301909446716, 0.8713178038597107, 0.7836445569992065, 0.801886796951294, 0.6786611080169678, 0.7005480527877808, 0.5841121673583984, 0.862683892250061, 0.7955738306045532, 0.7597236037254333, 0.8018487691879272, 0.7366226315498352, 0.7371800541877747, 0.8271022439002991, 0.8586838245391846, 0.9134572744369507, 0.9022067189216614, 0.8193832635879517, 0.8734845519065857, 0.7701389789581299, 0.6415584683418274, 0.7346600294113159, 0.687452495098114, 0.8298153281211853, 0.8397257328033447, 0.45636364817619324, 0.8134092092514038, 0.7545499205589294, 0.8924978971481323, 0.7618006467819214, 0.553398072719574, 0.5215858817100525, 0.8539263606071472, 0.794360876083374]
ind_avds: [23.95632553100586, 4.022312164306641, 16.457059860229492, 13.653136253356934, 7.888099193572998, 20.935848236083984, 15.706806182861328, 10.77441120147705, 9.19377613067627, 41.250587463378906, 16.133899688720703, 3.687998056411743, 39.431396484375, 3.0755035877227783, 28.09878921508789, 17.092153549194336, 30.665468215942383, 78.60465240478516, 27.787933349609375, 1.459854006767273, 29.920564651489258, 28.09139060974121, 1.5626555681228638, 0.5703421831130981, 19.2065486907959, 45.82146072387695, 14.708929061889648, 7.435332298278809, 17.073171615600586, 23.14049530029297, 11.400359153747559, 18.06087875366211, 44.5103874206543, 19.09650993347168, 14.15562915802002, 15.769745826721191, 23.06397247314453, 0.11705033481121063, 39.60166931152344, 21.204700469970703, 17.807764053344727, 22.1820068359375, 13.4440279006958, 4.143646240234375, 7.443082332611084, 19.022945404052734, 17.756410598754883, 2.1664767265319824, 41.44578170776367, 5.795884132385254, 17.671009063720703, 7.245501518249512, 6.669896125793457, 50.166114807128906, 4.313725471496582, 38.27433776855469, 19.963537216186523, 3.743760347366333, 1.8796992301940918, 29.606298446655273, 13.288213729858398, 16.457975387573242, 2.3165080547332764, 17.363344192504883, 5.320793628692627, 9.327805519104004, 19.279638290405273, 13.169576644897461, 21.670047760009766, 10.559005737304688, 34.325260162353516, 299.19354248046875, 29.28504180908203, 17.772136688232422, 11.732365608215332, 0.4328283667564392, 5.441407680511475, 2.3947150707244873, 9.017497062683105, 0.0, 28.427852630615234, 19.3519344329834, 33.463035583496094, 6.7977495193481445, 17.298873901367188, 1.4504115581512451, 3.4016776084899902, 2.335164785385132, 22.232934951782227, 11.66301441192627, 12.794841766357422, 0.39991113543510437, 8.934321403503418, 6.896551609039307, 10.964800834655762, 36.64302444458008, 35.83460998535156, 2.6186578273773193, 18.37016487121582, 10.848400115966797, 0.17126953601837158, 127.38095092773438, 5.654579162597656, 3.7074148654937744, 5.166761875152588, 24.386587142944336, 71.49917602539062, 44.093406677246094, 15.317977905273438, 30.977155685424805]
ueos: [0.0014099671971052885, 0.12625209987163544, 0.21433478593826294, 0.26884135603904724, 0.3090387284755707, 0.3405843675136566, 0.366452157497406, 0.3880530297756195, 0.4062614440917969, 0.42015504837036133, 0.43064624071121216, 0.43515610694885254, 0.4309283196926117, 0.4118993878364563, 0.3383628726005554, 0.13446922600269318, 0.0631035789847374, 0.03724757209420204, 0.02425139583647251, 0.016093522310256958, 0.010008938610553741, 0.004557793028652668]
mean_FN_coverage: [0.6971968412399292, 0.6784983277320862, 0.6568290591239929, 0.6336439847946167, 0.612909197807312, 0.589160680770874, 0.568350076675415, 0.5431936979293823, 0.5206837058067322, 0.4923866093158722, 0.4597066640853882, 0.42309918999671936, 0.3745019733905792, 0.3138251304626465, 0.206996351480484, 0.05834097042679787, 0.021889882162213326, 0.011537126265466213, 0.0066707865335047245, 0.003995960112661123, 0.002034371253103018, 0.0007794445846229792]
size_entirely_missed_lesions: [nan, 3.3492064476013184, 3.0307693481445312, 3.1078431606292725, 3.299999952316284, 3.3104476928710938, 3.340153455734253, 3.3612334728240967, 3.3469786643981934, 3.4171030521392822, 3.4630768299102783, 3.5788750648498535, 3.628676414489746, 3.623093605041504, 3.746704339981079, 3.836012840270996, 3.874901533126831, 3.9037559032440186, 3.9150428771972656, 3.9291276931762695, 3.9299612045288086, 3.927738904953003]
mean_missed_lesion_coverage: [1.0, 0.9156521558761597, 0.8285141587257385, 0.739788293838501, 0.6687837243080139, 0.5971024036407471, 0.5380269289016724, 0.4762957692146301, 0.42619115114212036, 0.3733995258808136, 0.31766942143440247, 0.2630079388618469, 0.20980384945869446, 0.15052151679992676, 0.08483951538801193, 0.013922519981861115, 0.0054773553274571896, 0.004158040042966604, 0.0023864421527832747, 0.0020531401969492435, 0.0012292960891500115, 0.0001725327892927453]
prop_entirely_missed: [0.0, 0.010267275385558605, 0.02118644118309021, 0.03324641287326813, 0.044002607464790344, 0.05459582805633545, 0.06372229754924774, 0.07398957014083862, 0.08360495418310165, 0.0933833122253418, 0.10593220591545105, 0.11880704015493393, 0.1329856514930725, 0.14960886538028717, 0.17307692766189575, 0.2027379423379898, 0.20713819563388824, 0.20827901363372803, 0.2090938687324524, 0.2092568427324295, 0.20941981673240662, 0.20974576473236084]
