bras: 0.9026466396947701
ece: 0.08178397304970177
dice: 0.7599999904632568
f1: 0.7099999785423279
avd: 20.84000015258789
hd95: 4.349999904632568
recall: 0.6800000071525574
max ueo: 0.43515610694885254
undetected clusters at max ueo: 0.11880704015493393
confidences: [           nan 5.51165140e-04 7.49470443e-02 1.29458770e-01
 1.82882354e-01 2.35968888e-01 2.88785636e-01 3.41639370e-01
 3.94380271e-01 4.47297305e-01 4.99869794e-01 5.52715778e-01
 6.05286419e-01 6.58238947e-01 7.10858583e-01 7.63826489e-01
 8.16673398e-01 8.69900942e-01 9.23704982e-01 9.82611358e-01]
accuracies: [           nan 6.44445302e-05 6.46268104e-02 1.09576507e-01
 1.49581419e-01 1.91884181e-01 2.25651943e-01 2.63599136e-01
 3.00550719e-01 3.40231009e-01 3.82856473e-01 4.23983038e-01
 4.71105919e-01 5.14221641e-01 5.73087926e-01 6.30558125e-01
 6.98530378e-01 7.67119445e-01 8.55191980e-01 9.63280912e-01]
