confidences: [       nan 0.00687464 0.07303735 0.12888613 0.18261708 0.23568325
 0.28879383 0.34154466 0.39432964 0.44716409 0.49989483 0.55248094
 0.60535097 0.65814906 0.71061337 0.76372415 0.81661212 0.86983246
 0.92379409 0.98106098]
accuracies: [           nan 5.13791920e-05 4.38630610e-02 9.68596292e-02
 1.43698684e-01 1.88710200e-01 2.33816978e-01 2.71121825e-01
 3.13353023e-01 3.56481794e-01 4.00120188e-01 4.48109236e-01
 4.99549371e-01 5.49645266e-01 6.06685750e-01 6.62664077e-01
 7.20573209e-01 7.91097681e-01 8.72628559e-01 9.75157720e-01]
ind_eces: [0.054322164925777225, 0.020113977077176888, 0.0792993527668642, 0.04891397974241052, 0.027964744988345572, 0.06428819878618046, 0.0604112801940933, 0.03111928992753717, 0.038993533116304116, 0.1281869169114093, 0.06471657110649126, 0.021540220969894188, 0.1180178406708712, 0.06611237750168802, 0.08329330844673528, 0.10488991816483668, 0.21324470312492214, 0.1269696768694715, 0.07829874841027022, 0.06817095651660537, 0.17947618196807294, 0.18746486746014124, 0.05153958157617856, 0.0550719825815318, 0.12340378829218454, 0.19480456830301415, 0.061629339718189735, 0.09437310787962634, 0.07434599948315716, 0.044843515420629095, 0.04637936744739445, 0.13922323959715419, 0.0420492711097871, 0.11646371447121538, 0.1490927142451915, 0.07579703494948326, 0.08369850903813267, 0.014179083420454545, 0.19386014908239974, 0.1307640511560031, 0.18542236323057948, 0.24882611357805434, 0.14296396345621767, 0.1562549675052144, 0.05098653057455007, 0.07616285789088365, 0.16487320811134826, 0.03219823131844232, 0.05264959902844104, 0.03581872131602109, 0.10877790740390339, 0.03906390153256187, 0.05512791661679778, 0.14500902742002092, 0.07026967279515653, 0.037360093047083716, 0.09763905318527248, 0.06813053005852639, 0.05742390958918209, 0.2515395561092874, 0.1357528199984828, 0.14461290462333348, 0.08723638594065959, 0.13412049986378882, 0.03153526717037441, 0.12578087266843865, 0.19857731719190883, 0.19012308851772744, 0.15242001029857397, 0.07363213312446226, 0.16201616672282287, 0.4092198805303464, 0.22911554598770068, 0.15658825873001853, 0.08117828464281944, 0.03637746609807683, 0.06355586673050505, 0.10357173146955428, 0.150142392623535, 0.07383937536567833, 0.033151904135005385, 0.04575636001778744, 0.04141554492626449, 0.010659299737356485, 0.06744482075791816, 0.0346833436135303, 0.023117328827252665, 0.09458553926642212, 0.1837378697477099, 0.06828323452675039, 0.1015832013435459, 0.04771442235508515, 0.08980077201371778, 0.04619991503266817, 0.07657133555285299, 0.2231241875239098, 0.22386989045996286, 0.04149209458425926, 0.04146855455057102, 0.03490643850502806, 0.05118404223425493, 0.22531493173887712, 0.08018115780730048, 0.06362849909435514, 0.031134069230889114, 0.14641928034472887, 0.22330467808669668, 0.04339897391779347, 0.09299731015025837, 0.21077420386455248]
ind_hd95s: [4.0, 1.0, 1.0, 25.887929916381836, 1.4142135381698608, 1.4142135381698608, 4.242640495300293, 16.031219482421875, 3.605551242828369, 1.4142135381698608, 1.4142135381698608, 1.4142135381698608, 11.620939254760742, 1.0, 5.196152210235596, 1.4142135381698608, 1.7320507764816284, 28.04267120361328, 1.4142135381698608, 8.399999618530273, 1.4142135381698608, 1.4142135381698608, 1.0, 6.082762718200684, 1.4142135381698608, 1.4142135381698608, 1.0, 1.0, 1.7320507764816284, 9.197722434997559, 5.983215808868408, 1.0, 7.304035663604736, 1.0, 1.0, 3.0, 3.605551242828369, 2.2360680103302, 1.4142135381698608, 1.7320507764816284, 1.0, 2.2360680103302, 3.316624879837036, 10.244504928588867, 2.2360680103302, 7.3552117347717285, 1.0, 2.2360680103302, 23.2581844329834, 3.7416574954986572, 1.7161589860916138, 1.0, 1.0, 6.814980506896973, 5.610894203186035, 9.803049087524414, 13.035758018493652, 1.8258330821990967, 7.717730522155762, 2.2360680103302, 1.4142135381698608, 1.0, 1.0, 2.2360680103302, 1.0, 1.4142135381698608, 1.0, 1.0, 2.2360680103302, 13.042234420776367, 1.7320507764816284, 16.552946090698242, 1.4142135381698608, 2.2360680103302, 1.0, 1.0, 1.0, 1.0, 17.62946319580078, 9.58074951171875, 10.05972957611084, 4.614927768707275, 14.076557159423828, 1.0, 2.0, 5.42974328994751, 2.0, 9.002769470214844, 5.4772257804870605, 5.099019527435303, 2.2360680103302, 1.0, 1.4142135381698608, 2.0, 1.0, 3.7416574954986572, 16.031219482421875, 9.909114837646484, 6.678050994873047, 2.2360680103302, 1.4142135381698608, 24.673751831054688, 3.1217081546783447, 5.88166618347168, 1.0, 3.316624879837036, 16.286405563354492, 21.665555953979492, 1.4142135381698608, 3.1622776985168457]
ind_dices: [0.6888720393180847, 0.8729007244110107, 0.7928459644317627, 0.5198019742965698, 0.8245511054992676, 0.785810112953186, 0.6494992971420288, 0.6561264991760254, 0.6559699773788452, 0.7666366100311279, 0.8189294934272766, 0.8543593883514404, 0.561344563961029, 0.8948967456817627, 0.6789812445640564, 0.8107536435127258, 0.7222840189933777, 0.1900826394557953, 0.7346755862236023, 0.5185185074806213, 0.7225657105445862, 0.7963316440582275, 0.8296924829483032, 0.6796315312385559, 0.7144931554794312, 0.7557547092437744, 0.8188686966896057, 0.8896854519844055, 0.66008460521698, 0.557539701461792, 0.6381856799125671, 0.8356522917747498, 0.5147347450256348, 0.8570512533187866, 0.84395432472229, 0.7997324466705322, 0.713106095790863, 0.729171097278595, 0.8246766328811646, 0.72561115026474, 0.8532218337059021, 0.7394571900367737, 0.6793196797370911, 0.5973684191703796, 0.7582314014434814, 0.6798917651176453, 0.8657462000846863, 0.7928128838539124, 0.4913927912712097, 0.818625271320343, 0.7578139901161194, 0.8847845196723938, 0.9134148955345154, 0.6725403666496277, 0.7213675379753113, 0.608344554901123, 0.6236183643341064, 0.7830555438995361, 0.7435158491134644, 0.7538921236991882, 0.841936469078064, 0.8809762597084045, 0.8795066475868225, 0.7696444392204285, 0.8429238200187683, 0.8610188364982605, 0.8596253395080566, 0.8843843936920166, 0.7434319257736206, 0.6317829489707947, 0.7347062230110168, 0.38159099221229553, 0.793317973613739, 0.7843754291534424, 0.852275013923645, 0.8745609521865845, 0.8935808539390564, 0.8511306643486023, 0.7651346921920776, 0.7713226079940796, 0.6666666865348816, 0.6812018156051636, 0.533968985080719, 0.8661655187606812, 0.7689955234527588, 0.7570801973342896, 0.7962827086448669, 0.7018011808395386, 0.6916468739509583, 0.8199364542961121, 0.8511857986450195, 0.9085323810577393, 0.8940044641494751, 0.7850483059883118, 0.8752002120018005, 0.7492682933807373, 0.6230964660644531, 0.7246636748313904, 0.6356291174888611, 0.8356894254684448, 0.8232462406158447, 0.5011389255523682, 0.7982155084609985, 0.7498683333396912, 0.8887193202972412, 0.7486907839775085, 0.5212500095367432, 0.4871794879436493, 0.8552384972572327, 0.7970467805862427]
ind_avds: [30.314708709716797, 1.7518630027770996, 6.934962272644043, 50.922508239746094, 4.609034538269043, 2.535849094390869, 17.01570701599121, 29.629629135131836, 30.304101943969727, 19.153738021850586, 3.512141466140747, 3.4631199836730957, 52.90481948852539, 2.4911580085754395, 33.50419235229492, 6.1332502365112305, 42.535972595214844, 87.44186401367188, 4.296160697937012, 42.33576583862305, 28.420124053955078, 24.825857162475586, 12.282273292541504, 14.25855541229248, 16.813602447509766, 33.095916748046875, 2.9003522396087646, 8.722886085510254, 7.859078407287598, 33.388431549072266, 29.802513122558594, 15.535512924194336, 48.96142578125, 13.47250747680664, 15.204194068908691, 0.13386881351470947, 1.2205387353897095, 16.894264221191406, 25.613710403442383, 14.348677635192871, 19.416378021240234, 47.6732177734375, 17.30048179626465, 9.944751739501953, 13.835376739501953, 35.825313568115234, 18.205127716064453, 15.963512420654297, 46.02409744262695, 10.58378791809082, 12.337133407592773, 7.776838779449463, 1.9637068510055542, 26.245847702026367, 27.941177368164062, 35.619468688964844, 43.29990768432617, 0.3327786922454834, 26.065162658691406, 50.354331970214844, 16.176956176757812, 13.644940376281738, 5.608388423919678, 15.241157531738281, 1.1852614879608154, 9.549896240234375, 19.98674201965332, 16.809707641601562, 25.185935974121094, 39.75155258178711, 28.51211166381836, 296.11895751953125, 33.74175262451172, 21.802602767944336, 7.012448310852051, 0.9322457313537598, 9.098505973815918, 10.338562965393066, 12.314939498901367, 9.198113441467285, 32.01722717285156, 30.738073348999023, 36.77042770385742, 4.0252885818481445, 22.801166534423828, 3.449627637863159, 9.45945930480957, 5.906593322753906, 35.6922492980957, 0.6817628145217896, 16.468690872192383, 0.6942901611328125, 11.637834548950195, 17.530000686645508, 5.545707702636719, 42.3167839050293, 41.347625732421875, 17.51227569580078, 20.511049270629883, 6.040134906768799, 13.230571746826172, 61.30952453613281, 20.897357940673828, 9.719438552856445, 3.8412201404571533, 21.25136375427246, 63.591434478759766, 50.0, 14.98165512084961, 29.036081314086914]
ueos: [0.00144579925108701, 0.0015247545670717955, 0.0026252996176481247, 0.009109527803957462, 0.23459044098854065, 0.29640647768974304, 0.3356420695781708, 0.3658891022205353, 0.38931670784950256, 0.4069918990135193, 0.4189295768737793, 0.4246539771556854, 0.4172739088535309, 0.38567614555358887, 0.1645592749118805, 0.040700946003198624, 0.026069212704896927, 0.01829598844051361, 0.01344334613531828, 0.009544133208692074, 0.006302206311374903, 0.002924155443906784]
mean_FN_coverage: [0.758637547492981, 0.758637547492981, 0.7582902908325195, 0.7436928749084473, 0.7008286714553833, 0.6662446856498718, 0.633086621761322, 0.6008031964302063, 0.5656304359436035, 0.5277771353721619, 0.4843178987503052, 0.43657374382019043, 0.3749743103981018, 0.2875938415527344, 0.0819026455283165, 0.014116876758635044, 0.008907088078558445, 0.0054036881774663925, 0.003677701810374856, 0.002710331929847598, 0.0021355159115046263, 0.001093405531719327]
size_entirely_missed_lesions: [nan, nan, nan, 2.1136362552642822, 2.8894009590148926, 3.1516854763031006, 3.3474576473236084, 3.2439024448394775, 3.265007257461548, 3.372299909591675, 3.379844903945923, 3.572556734085083, 3.6330997943878174, 3.7041053771972656, 3.8333332538604736, 3.895468235015869, 3.9276673793792725, 4.021033763885498, 4.05458927154541, 4.082634925842285, 4.082585334777832, 4.092105388641357]
mean_missed_lesion_coverage: [1.0, 1.0, 0.9988330602645874, 0.949225127696991, 0.8057210445404053, 0.6977387070655823, 0.605139970779419, 0.5240357518196106, 0.4459840655326843, 0.3717330992221832, 0.2986672818660736, 0.23885677754878998, 0.17626585066318512, 0.10971549153327942, 0.017109109088778496, 0.004721032455563545, 0.0029930672608315945, 0.0020021949894726276, 0.0011168429628014565, 0.0007172743789851665, 0.000328750757034868, 0.00014943216228857636]
prop_entirely_missed: [0.0, 0.0, 0.0, 0.00717079546302557, 0.03536505997180939, 0.05801825225353241, 0.07692307978868484, 0.09354628622531891, 0.11131030321121216, 0.12825945019721985, 0.1471642702817917, 0.16509126126766205, 0.18611472845077515, 0.2103976458311081, 0.26108214259147644, 0.2697196900844574, 0.27037158608436584, 0.2711864411830902, 0.27167534828186035, 0.2721642851829529, 0.2723272442817688, 0.2724902331829071]
