bras: 0.8314148883024851
ece: 0.06875031604652176
dice: 0.7400000095367432
f1: 0.6700000166893005
avd: 23.1200008392334
hd95: 4.989999771118164
recall: 0.6000000238418579
max ueo: 0.4246539771556854
undetected clusters at max ueo: 0.16509126126766205
confidences: [       nan 0.00687464 0.07303735 0.12888613 0.18261708 0.23568325
 0.28879383 0.34154466 0.39432964 0.44716409 0.49989483 0.55248094
 0.60535097 0.65814906 0.71061337 0.76372415 0.81661212 0.86983246
 0.92379409 0.98106098]
accuracies: [           nan 5.13791920e-05 4.38630610e-02 9.68596292e-02
 1.43698684e-01 1.88710200e-01 2.33816978e-01 2.71121825e-01
 3.13353023e-01 3.56481794e-01 4.00120188e-01 4.48109236e-01
 4.99549371e-01 5.49645266e-01 6.06685750e-01 6.62664077e-01
 7.20573209e-01 7.91097681e-01 8.72628559e-01 9.75157720e-01]
