confidences: [       nan 0.00658169 0.07382394 0.12892051 0.18264376 0.23573218
 0.28852662 0.34163114 0.39438027 0.44714415 0.49986961 0.55272061
 0.60521477 0.65820062 0.71077567 0.76380682 0.81678206 0.86997753
 0.92407036 0.97807842]
accuracies: [           nan 5.52749281e-05 4.18176646e-02 9.03169383e-02
 1.36414010e-01 1.84366566e-01 2.24096854e-01 2.67388826e-01
 3.08517390e-01 3.54743869e-01 4.03015839e-01 4.55107437e-01
 5.02154775e-01 5.57929539e-01 6.15569375e-01 6.76283918e-01
 7.45636095e-01 8.21232032e-01 9.02649967e-01 9.72771624e-01]
ind_eces: [0.02702842764368289, 0.04082541727749269, 0.135429779827979, 0.14375063505032445, 0.10494175957224866, 0.13606932814543812, 0.08676625832501685, 0.10426832748372308, 0.0612366868989883, 0.2061470774169752, 0.08966971318941104, 0.017188713152446744, 0.049164567565532655, 0.018515707193269795, 0.02775083143790454, 0.13928362548994258, 0.23369118761847993, 0.08597917973612966, 0.11901521959318412, 0.10959415863130012, 0.229359869975127, 0.1734521215871095, 0.014655319063646791, 0.10520155081338174, 0.16187426969449475, 0.19523348995151346, 0.136452855488037, 0.01149933288016652, 0.10855558288408547, 0.08567421420377405, 0.03146224774522317, 0.15332831767424546, 0.02569690051581864, 0.18696006904438656, 0.1632654095699257, 0.1461432701911131, 0.14617264086511764, 0.05444052864526711, 0.24052068987099226, 0.18709356689328954, 0.07984475717309229, 0.19209922474995197, 0.08978322906373847, 0.12997800497136608, 0.07401081754108774, 0.03424843921349723, 0.1337729441669484, 0.03793288885614597, 0.049041926901855465, 0.05552797690510888, 0.0798366659657528, 0.09992745694322361, 0.03491650817542358, 0.1803114735093202, 0.04978401575251737, 0.07168785179122611, 0.06006513211860766, 0.028614187947647782, 0.06065335155690583, 0.19267064710652557, 0.09748913057474719, 0.0695578914114861, 0.061749618532780125, 0.12371052125786412, 0.033849475359575845, 0.07172943112774871, 0.12987220118825327, 0.1378248944335708, 0.13256640880291537, 0.07397892063947029, 0.10720639807810536, 0.4034561713915832, 0.16552096441377934, 0.1364581778329096, 0.07878600201338162, 0.05321586130288847, 0.09512506861380424, 0.048659412668384104, 0.11703916807436555, 0.0719911910879461, 0.049163212944430344, 0.013529109172535666, 0.04277433208305202, 0.07084136767793382, 0.03790871791223091, 0.06209299182584833, 0.08223522359359989, 0.09536228559229451, 0.15966755651967782, 0.14378340354118568, 0.06698501628172242, 0.01937993868063717, 0.08786688855612716, 0.016503290034216283, 0.09277257097086328, 0.21193195829144557, 0.26750350175395965, 0.09297680669201727, 0.03393704395508817, 0.09423402743182821, 0.03323315118995477, 0.31200618233127986, 0.04363544310823975, 0.13045696811543872, 0.045264752424162696, 0.13619975449186464, 0.2713037513265736, 0.051013299723781706, 0.1147777154832543, 0.2540407859895487]
ind_hd95s: [4.123105525970459, 1.0, 1.4142135381698608, 25.80013656616211, 1.0, 1.4142135381698608, 2.2360680103302, 1.227817416191101, 1.4142135381698608, 1.4142135381698608, 1.0, 1.0, 6.4031243324279785, 1.0, 4.123105525970459, 1.4142135381698608, 2.4494898319244385, 25.278169631958008, 1.4142135381698608, 2.2360680103302, 2.2360680103302, 1.4142135381698608, 1.0, 3.316624879837036, 1.4142135381698608, 1.4142135381698608, 1.0, 1.0, 1.7320507764816284, 6.4031243324279785, 2.7526395320892334, 1.0, 6.53411865234375, 1.0, 1.0, 1.4142135381698608, 2.2360680103302, 1.4142135381698608, 1.4142135381698608, 2.2360680103302, 1.0, 1.4142135381698608, 3.1622776985168457, 9.061113357543945, 1.4142135381698608, 4.123105525970459, 1.0, 1.4142135381698608, 13.687477111816406, 2.2360680103302, 1.4142135381698608, 1.0, 1.0, 7.681145668029785, 3.870828628540039, 3.7798023223876953, 6.610555648803711, 1.4142135381698608, 8.985031127929688, 3.0, 1.4142135381698608, 1.0, 1.0, 1.4142135381698608, 1.0, 1.0, 1.0, 1.0, 2.0, 9.517945289611816, 1.0, 15.842979431152344, 1.4142135381698608, 1.4142135381698608, 1.0, 1.0, 1.352081537246704, 1.0, 17.303163528442383, 3.2703206539154053, 7.961577415466309, 4.123105525970459, 10.198039054870605, 1.4142135381698608, 1.4142135381698608, 4.123105525970459, 1.4142135381698608, 4.0, 5.385164737701416, 6.324555397033691, 2.2360680103302, 1.0, 1.0, 1.4142135381698608, 1.0, 3.605551242828369, 12.569805145263672, 12.08109188079834, 4.449488639831543, 1.4142135381698608, 1.0, 24.867464065551758, 1.4142135381698608, 9.603877067565918, 1.0, 3.0, 17.561141967773438, 20.790544509887695, 1.4142135381698608, 3.1622776985168457]
ind_dices: [0.7240541577339172, 0.8740506768226624, 0.7858901023864746, 0.5596868991851807, 0.8476430177688599, 0.7928879261016846, 0.6666666865348816, 0.6982055306434631, 0.7112537622451782, 0.7784646153450012, 0.8353670239448547, 0.8694561719894409, 0.6460176706314087, 0.9015560150146484, 0.7188390493392944, 0.8041805624961853, 0.7020670175552368, 0.32077765464782715, 0.7384485006332397, 0.6388384699821472, 0.7131445407867432, 0.8275461196899414, 0.8545852303504944, 0.6934955716133118, 0.7069154977798462, 0.7637684345245361, 0.8262157440185547, 0.8858078718185425, 0.6494178771972656, 0.6165803074836731, 0.7123681902885437, 0.8406035304069519, 0.592334508895874, 0.8534208536148071, 0.8434222340583801, 0.7952588796615601, 0.7110596299171448, 0.7504459619522095, 0.8090240359306335, 0.7196670174598694, 0.8820681571960449, 0.7892857193946838, 0.7399687170982361, 0.6208718419075012, 0.7776355147361755, 0.7317272424697876, 0.8781000971794128, 0.8067694306373596, 0.6253687143325806, 0.8416357040405273, 0.7981796860694885, 0.890033483505249, 0.9143174886703491, 0.6865671873092651, 0.7711864113807678, 0.6760203838348389, 0.6833956241607666, 0.806540310382843, 0.7559943795204163, 0.8076338171958923, 0.8545526266098022, 0.9002727270126343, 0.8969549536705017, 0.8021486401557922, 0.8606334328651428, 0.8828341960906982, 0.8890753388404846, 0.9052099585533142, 0.7588009238243103, 0.681430995464325, 0.787722110748291, 0.3975784182548523, 0.8484141826629639, 0.8326566219329834, 0.8685382604598999, 0.9002795815467834, 0.8920187950134277, 0.8822606205940247, 0.8068585991859436, 0.8060606122016907, 0.6943455934524536, 0.694915235042572, 0.5809414386749268, 0.8575414419174194, 0.7826384902000427, 0.7548773288726807, 0.7924528121948242, 0.7433510422706604, 0.7190455794334412, 0.8048371076583862, 0.8590871691703796, 0.9092798233032227, 0.8947847485542297, 0.8054305911064148, 0.8732668161392212, 0.7613840103149414, 0.5778025388717651, 0.7206611633300781, 0.6809954643249512, 0.8303979635238647, 0.8386179804801941, 0.43672457337379456, 0.8119821548461914, 0.7327298521995544, 0.8917761445045471, 0.7664625644683838, 0.4950597882270813, 0.5279866456985474, 0.8474216461181641, 0.7822805643081665]
ind_avds: [14.964675903320312, 1.407591462135315, 19.008264541625977, 11.439114570617676, 9.653749465942383, 17.32830238342285, 0.9162303805351257, 6.397306442260742, 1.7326732873916626, 35.77809143066406, 10.248319625854492, 5.294268608093262, 32.38566207885742, 1.852990984916687, 20.177074432373047, 14.476961135864258, 52.338130950927734, 72.4030990600586, 15.630712509155273, 1.0948904752731323, 43.07149124145508, 20.507104873657227, 4.309744358062744, 3.1368820667266846, 29.471033096313477, 35.375118255615234, 16.84276008605957, 1.716738224029541, 9.485095024108887, 8.595041275024414, 12.746858596801758, 19.684329986572266, 29.6735897064209, 22.427560806274414, 18.349889755249023, 14.591700553894043, 18.05555534362793, 3.1603589057922363, 36.104679107666016, 35.30852127075195, 5.955862998962402, 31.64426040649414, 5.570433616638184, 9.116022109985352, 5.166374683380127, 18.726869583129883, 13.23717975616455, 3.261117458343506, 36.62650680541992, 2.288954257965088, 5.781758785247803, 12.438111305236816, 1.0470619201660156, 44.85049819946289, 14.901960372924805, 26.54867172241211, 29.26162338256836, 8.347199440002441, 22.30576515197754, 33.11023712158203, 9.392539024353027, 4.416809558868408, 0.19507437944412231, 15.498392105102539, 5.9649577140808105, 2.69469952583313, 10.661805152893066, 10.742823600769043, 19.9121036529541, 17.70186424255371, 14.186851501464844, 282.8880920410156, 19.482967376708984, 18.851158142089844, 7.2925310134887695, 3.512568712234497, 11.541486740112305, 0.11560693383216858, 8.008075714111328, 5.424528121948242, 18.449390411376953, 19.441944122314453, 30.54474639892578, 12.916884422302246, 17.52813720703125, 2.940023422241211, 2.5163094997406006, 6.593406677246094, 26.282299041748047, 17.457998275756836, 12.9815034866333, 2.1828482151031494, 10.881449699401855, 10.906881332397461, 8.204608917236328, 39.75929641723633, 74.57886505126953, 1.9639934301376343, 16.850828170776367, 4.192330837249756, 4.196103572845459, 159.82142639160156, 7.12968635559082, 10.32064151763916, 5.280786991119385, 18.184297561645508, 116.803955078125, 35.57692337036133, 17.58051300048828, 32.75506591796875]
ueos: [0.0013748236233368516, 0.0021909016650170088, 0.003053853288292885, 0.09597046673297882, 0.22607731819152832, 0.282522588968277, 0.32139456272125244, 0.35290342569351196, 0.38445085287094116, 0.4063684642314911, 0.4230181872844696, 0.4362666606903076, 0.43702515959739685, 0.4201183021068573, 0.3356380760669708, 0.06597442179918289, 0.015747833997011185, 0.006988217122852802, 0.003975170664489269, 0.002502120565623045, 0.0013145387638360262, 0.0006029708893038332]
mean_FN_coverage: [0.704530656337738, 0.7045209407806396, 0.7031428217887878, 0.6829470992088318, 0.657516598701477, 0.6371963620185852, 0.6176886558532715, 0.594038724899292, 0.5653730034828186, 0.5367030501365662, 0.5023149847984314, 0.46122413873672485, 0.4079410135746002, 0.33456456661224365, 0.20514021813869476, 0.023320872336626053, 0.004234490916132927, 0.0012352968333289027, 0.0009047972853295505, 0.0006159351905807853, 0.0001945739786606282, 0.00012252999295014888]
size_entirely_missed_lesions: [nan, nan, 2.0, 3.327868938446045, 3.884615421295166, 3.9118943214416504, 3.7189781665802, 3.8176469802856445, 3.6546761989593506, 3.6792452335357666, 3.601834774017334, 3.6853933334350586, 3.638418197631836, 3.804819345474243, 3.879098415374756, 3.8759756088256836, 3.9125213623046875, 3.916167736053467, 3.952136754989624, 3.952136754989624, 3.952136754989624, 3.952136754989624]
mean_missed_lesion_coverage: [1.0, 1.0, 0.9943728446960449, 0.8965611457824707, 0.7829561233520508, 0.7022327184677124, 0.6378336548805237, 0.5693407654762268, 0.48928797245025635, 0.4285893142223358, 0.35757961869239807, 0.29628878831863403, 0.23145142197608948, 0.1597718596458435, 0.08363170921802521, 0.004613415338099003, 0.0007964821415953338, 1.8580452888272703e-05, 0.0, 0.0, 0.0, 0.0]
prop_entirely_missed: [0.0, 0.0, 0.00016297261754516512, 0.009941330179572105, 0.025423727929592133, 0.03699478507041931, 0.04465449973940849, 0.05541069060564041, 0.06795958429574966, 0.07773794233798981, 0.08882007747888565, 0.10153194516897202, 0.11538461595773697, 0.13526727259159088, 0.1590612828731537, 0.18790742754936218, 0.19002607464790344, 0.19051499664783478, 0.1906779706478119, 0.1906779706478119, 0.1906779706478119, 0.1906779706478119]
