bras: 0.8589484989643097
ece: 0.06414804008041956
dice: 0.7699999809265137
f1: 0.7099999785423279
avd: 20.639999389648438
hd95: 4.019999980926514
recall: 0.7200000286102295
max ueo: 0.43702515959739685
undetected clusters at max ueo: 0.11538461595773697
confidences: [       nan 0.00658169 0.07382394 0.12892051 0.18264376 0.23573218
 0.28852662 0.34163114 0.39438027 0.44714415 0.49986961 0.55272061
 0.60521477 0.65820062 0.71077567 0.76380682 0.81678206 0.86997753
 0.92407036 0.97807842]
accuracies: [           nan 5.52749281e-05 4.18176646e-02 9.03169383e-02
 1.36414010e-01 1.84366566e-01 2.24096854e-01 2.67388826e-01
 3.08517390e-01 3.54743869e-01 4.03015839e-01 4.55107437e-01
 5.02154775e-01 5.57929539e-01 6.15569375e-01 6.76283918e-01
 7.45636095e-01 8.21232032e-01 9.02649967e-01 9.72771624e-01]
