confidences: [           nan 2.11839392e-06 7.63058886e-02 1.29981980e-01
 1.82887226e-01 2.36002550e-01 2.88912743e-01 3.41983825e-01
 3.94448519e-01 4.47417021e-01 5.00081360e-01 5.52527010e-01
 6.05110943e-01 6.58288479e-01 7.10700452e-01 7.63494670e-01
 8.16941917e-01 8.69954348e-01 9.23510909e-01 9.96932864e-01]
accuracies: [           nan 3.53594245e-04 3.36498248e-01 3.56569343e-01
 3.55405731e-01 3.57205753e-01 3.82936508e-01 3.86802771e-01
 3.96204493e-01 3.85041551e-01 3.72222222e-01 3.91133778e-01
 3.85912327e-01 4.12053259e-01 4.06368222e-01 4.11082839e-01
 4.26669780e-01 4.36006826e-01 4.42615944e-01 6.83907896e-01]
ind_eces: [0.20038138276869366, 0.1673991660379896, 0.26031472490869323, nan, 0.2885860342310391, 0.26982166752184794, 0.2974621470518935, 0.2646783872428695, 0.19300438151912427, 0.3062014368853119, 0.25709912267613305, 0.18259180369115216, 0.2869220043898737, 0.17874179623415837, 0.22187821234658683, 0.36873434034458047, 0.4058776162640818, 0.18147274222364862, 0.28549811889074594, 0.2344345308043894, 0.3721265844401962, 0.2525066483962266, 0.19063676155863085, 0.26431892972558274, 0.29839582157558875, 0.34144786535699156, 0.24310818849141466, 0.18884981200992274, 0.3322392622558383, 0.3209580750916857, 0.28266836805121337, 0.30802824269932394, 0.32598378780075277, 0.29497703614886833, 0.29336821187117174, 0.25854761126329634, 0.3185855101683723, 0.24637633741273232, 0.3646613959576988, 0.31357107000812695, 0.19765964684000942, 0.35671301814161877, 0.254987426693757, 0.3782759462031967, 0.23053153465452958, 0.20340523492891657, 0.3427730352747534, 0.2127000611786793, 0.25037050734888994, 0.17158139695217475, 0.23492735387359007, 0.1461304288216715, 0.14508280932495332, 0.33162575723402826, 0.2299140267201102, 0.31357431115789985, 0.19624289157233157, 0.18572215406837703, 0.1661703881879821, 0.2189014146974343, 0.14759989348774674, 0.15598647427719892, 0.18931732298853526, 0.23633028787558194, 0.16766774867804393, 0.18923488456976822, 0.21318496650166446, 0.1814627591889017, 0.21034321471181228, 0.2700019447409331, 0.22132385109908473, 0.38164969911974683, 0.24019952836329692, 0.2693961550606027, 0.16446327438244232, 0.14583229831313752, 0.2502304879661058, 0.16827494744027574, 0.19992746981806267, 0.17358731502359237, 0.23198108517208363, 0.22448269273137397, 0.22727470858993945, 0.16056132201713613, 0.17921349464106048, 0.2667720294898739, 0.27433127873856805, 0.2581631163014068, 0.25764882048076493, 0.26832310874043597, 0.1532246763742503, 0.17706611545431258, 0.1490563063123266, 0.1997536538766793, 0.2117437533386567, 0.34042446852165886, 0.4062810545298305, 0.267292969859822, 0.26652771837721645, 0.24720868715763217, 0.2457778077170241, 0.45818326943844195, 0.23038535631376758, 0.39509712493779353, 0.18627529105839732, 0.2705354514705087, 0.4554948671883945, 0.26829112458393545, 0.16844748365889975, 0.30030376228765476]
ind_hd95s: [10.488088607788086, 1.4142135381698608, 1.4142135381698608, 42.72584915161133, 1.4142135381698608, 2.0, 24.413110733032227, 7.464724540710449, 4.0, 1.7320507764816284, 1.4142135381698608, 1.0, 14.38914680480957, 1.0, 11.224971771240234, 5.4772257804870605, 2.4494898319244385, 24.73443031311035, 1.4142135381698608, 8.41187572479248, 3.1622776985168457, 2.0, 1.0, 7.875643730163574, 1.4142135381698608, 1.7320507764816284, 1.4142135381698608, 1.0, 5.019003391265869, 7.78442907333374, 6.164413928985596, 1.0, 6.352054595947266, 1.4142135381698608, 1.0, 10.049875259399414, 4.652671813964844, 4.123105525970459, 2.0, 2.2360680103302, 1.0, 2.4494898319244385, 3.632772445678711, 10.19311237335205, 1.7320507764816284, 7.549834251403809, 1.4142135381698608, 2.0, 22.525331497192383, 4.0, 3.0, 1.4142135381698608, 1.4142135381698608, 3.0, 9.460407257080078, 10.064691543579102, 13.86396312713623, 3.0, 8.514642715454102, 1.4142135381698608, 1.4142135381698608, 1.0, 2.2360680103302, 6.7082037925720215, 2.4494898319244385, 2.4494898319244385, 2.4494898319244385, 1.0, 4.690415859222412, 13.186725616455078, 3.9323813915252686, 15.36229133605957, 1.4142135381698608, 3.0, 1.7320507764816284, 2.2360680103302, 2.4494898319244385, 1.7320507764816284, 17.464248657226562, 5.718250274658203, 11.569345474243164, 5.099019527435303, 11.297311782836914, 1.4142135381698608, 2.4174764156341553, 9.05538558959961, 1.4142135381698608, 6.4031243324279785, 4.690415859222412, 4.742556571960449, 8.306623458862305, 1.0, 1.0, 3.0, 1.0, 3.605551242828369, 20.074859619140625, 9.393890380859375, 7.456345558166504, 3.0, 1.4142135381698608, 24.8492488861084, 5.45421028137207, 9.273618698120117, 1.0, 3.0, 18.6279354095459, 21.18956756591797, 1.4142135381698608, 5.099019527435303]
ind_dices: [0.7184334993362427, 0.8549587726593018, 0.7546207904815674, 0.47999998927116394, 0.8290101885795593, 0.7609547972679138, 0.64462810754776, 0.6577629446983337, 0.6777396202087402, 0.7348891496658325, 0.7967258095741272, 0.8557479381561279, 0.6166008114814758, 0.8838662505149841, 0.6708860993385315, 0.7627958059310913, 0.641363799571991, 0.42222222685813904, 0.7051124572753906, 0.5574387907981873, 0.6516776084899902, 0.8082807660102844, 0.819310188293457, 0.6589595079421997, 0.6953189373016357, 0.7277947664260864, 0.7855719327926636, 0.8693495392799377, 0.6406619548797607, 0.5047468543052673, 0.6644230484962463, 0.8092542886734009, 0.5393586158752441, 0.8387194871902466, 0.814548134803772, 0.763188898563385, 0.6742046475410461, 0.7284533381462097, 0.7665472626686096, 0.678012490272522, 0.8622505068778992, 0.7450938820838928, 0.6730721592903137, 0.5394737124443054, 0.7731788158416748, 0.7003205418586731, 0.836815357208252, 0.7822554111480713, 0.6061452627182007, 0.8045803308486938, 0.8017241358757019, 0.8641247153282166, 0.9011040329933167, 0.6485671401023865, 0.7094255685806274, 0.6290115714073181, 0.6468973159790039, 0.774612545967102, 0.739099383354187, 0.8034438490867615, 0.8381472229957581, 0.8899636268615723, 0.8440488576889038, 0.7737571597099304, 0.8170885443687439, 0.856016993522644, 0.8809119462966919, 0.890188455581665, 0.7332521080970764, 0.5645756721496582, 0.7194192409515381, 0.44935569167137146, 0.8315976858139038, 0.7840492725372314, 0.8398471474647522, 0.8572190403938293, 0.819920539855957, 0.8357099890708923, 0.7787732481956482, 0.7318652868270874, 0.6376920342445374, 0.679193377494812, 0.5928338766098022, 0.84905606508255, 0.7778024077415466, 0.7457217574119568, 0.7729125022888184, 0.6738715767860413, 0.7019128203392029, 0.7980011105537415, 0.8571935296058655, 0.8975219130516052, 0.8970839381217957, 0.7710921764373779, 0.8571088910102844, 0.7282379865646362, 0.47520288825035095, 0.6847507357597351, 0.6024636030197144, 0.80489182472229, 0.8044814467430115, 0.3183962404727936, 0.7968418002128601, 0.6257911324501038, 0.8830317854881287, 0.7378272414207458, 0.3905723989009857, 0.5855161547660828, 0.8547045588493347, 0.7305399775505066]
ind_avds: [9.76236343383789, 2.749814748764038, 25.51203727722168, 15.498154640197754, 21.004356384277344, 19.426414489746094, 21.72774887084961, 1.6835017204284668, 14.780763626098633, 41.74894332885742, 21.23748207092285, 0.03212541714310646, 12.360939025878906, 0.653544545173645, 23.299161911010742, 26.27646255493164, 79.58633422851562, 60.46511459350586, 23.49177360534668, 6.204379558563232, 55.16328430175781, 15.61437702178955, 4.339603900909424, 13.783269882202148, 30.037782669067383, 48.05318069458008, 18.251501083374023, 8.108108520507812, 29.268293380737305, 8.925620079040527, 13.285457611083984, 27.080045700073242, 3.56083083152771, 24.857402801513672, 22.295804977416992, 4.524765491485596, 19.612794876098633, 1.716738224029541, 45.62297439575195, 50.34280014038086, 4.50678014755249, 42.399173736572266, 17.40760612487793, 51.93370056152344, 11.558669090270996, 15.247964859008789, 27.05128288269043, 7.685290813446045, 27.469879150390625, 5.6068878173828125, 7.81758975982666, 15.67443561553955, 8.29451847076416, 20.26578140258789, 24.215686798095703, 27.65486717224121, 34.00182342529297, 12.118691444396973, 24.686716079711914, 14.921259880065918, 12.545394897460938, 0.38593482971191406, 16.435016632080078, 9.839228630065918, 15.743365287780762, 4.619484901428223, 1.6020328998565674, 4.957087993621826, 5.713319778442383, 31.677019119262695, 9.342560768127441, 177.44454956054688, 12.037161827087402, 16.470962524414062, 9.95850658416748, 12.751790046691895, 26.779394149780273, 8.901734352111816, 4.710632801055908, 17.924528121948242, 8.399138450622559, 3.600360155105591, 20.817121505737305, 5.52752161026001, 11.838266372680664, 5.292042255401611, 22.949674606323242, 16.071428298950195, 34.88237380981445, 19.25979995727539, 8.628881454467773, 2.982670545578003, 6.874859809875488, 12.927236557006836, 12.838693618774414, 55.03976058959961, 139.6630859375, 23.240589141845703, 14.986187934875488, 11.206040382385254, 15.928067207336426, 304.76190185546875, 2.397049903869629, 53.30661392211914, 0.08551881462335587, 22.846237182617188, 191.4332733154297, 21.703296661376953, 12.505095481872559, 40.413150787353516]
ueos: [0.001571245607919991, 0.017195135354995728, 0.017797086387872696, 0.017968477681279182, 0.017983635887503624, 0.01801740936934948, 0.018029922619462013, 0.017996108159422874, 0.01796494983136654, 0.017908040434122086, 0.017896132543683052, 0.018030289560556412, 0.018344754353165627, 0.01945950835943222, 0.07165888696908951, 0.04956255853176117, 0.037067960947752, 0.02791527844965458, 0.020586734637618065, 0.014471634291112423, 0.008941647596657276, 0.0039035670924931765]
mean_FN_coverage: [0.7628748416900635, 0.2767666280269623, 0.23996730148792267, 0.21401700377464294, 0.19415585696697235, 0.1786675751209259, 0.16381290555000305, 0.14941468834877014, 0.13609060645103455, 0.12229657918214798, 0.10867802798748016, 0.096727155148983, 0.08309955894947052, 0.06519514322280884, 0.03745386004447937, 0.025658544152975082, 0.019802730530500412, 0.014106087386608124, 0.010547034442424774, 0.007960118353366852, 0.005420014727860689, 0.0022598132491111755]
size_entirely_missed_lesions: [nan, 4.429664611816406, 4.43423318862915, 4.423163890838623, 4.421612739562988, 4.446170806884766, 4.446832180023193, 4.480569362640381, 4.487235069274902, 4.482982158660889, 4.481223106384277, 4.490435600280762, 4.4881391525268555, 4.497908115386963, 4.5753703117370605, 4.57382869720459, 4.576297283172607, 4.577020645141602, 4.579989910125732, 4.579695224761963, 4.5775861740112305, 4.5775861740112305]
mean_missed_lesion_coverage: [1.0, 0.07840914279222488, 0.06290303170681, 0.05282111465930939, 0.046841736882925034, 0.041643548756837845, 0.037523023784160614, 0.0345364473760128, 0.030219964683055878, 0.02634996734559536, 0.023579386994242668, 0.01855849288403988, 0.014795742928981781, 0.01104689110070467, 0.0025257279630750418, 0.0011438747169449925, 0.0009289596346206963, 0.0008445287239737809, 0.0006718290969729424, 0.0005451826727949083, 0.00012302794493734837, 0.00012302794493734837]
prop_entirely_missed: [0.0, 0.27689048647880554, 0.28373533487319946, 0.2884615361690521, 0.2910690903663635, 0.2936766743659973, 0.2957952916622162, 0.29775097966194153, 0.3000325858592987, 0.3016623258590698, 0.3037809729576111, 0.3067144751548767, 0.3091590702533722, 0.3116036653518677, 0.31893742084503174, 0.3200782239437103, 0.32040417194366455, 0.32056713104248047, 0.3208930790424347, 0.321056067943573, 0.3213820159435272, 0.3213820159435272]
