bras: 0.9932742441693941
ece: 0.21123141694180916
dice: 0.7300000190734863
f1: 0.6299999952316284
avd: 25.219999313354492
hd95: 5.920000076293945
recall: 0.550000011920929
max ueo: 0.07165888696908951
undetected clusters at max ueo: 0.31893742084503174
confidences: [           nan 2.11839392e-06 7.63058886e-02 1.29981980e-01
 1.82887226e-01 2.36002550e-01 2.88912743e-01 3.41983825e-01
 3.94448519e-01 4.47417021e-01 5.00081360e-01 5.52527010e-01
 6.05110943e-01 6.58288479e-01 7.10700452e-01 7.63494670e-01
 8.16941917e-01 8.69954348e-01 9.23510909e-01 9.96932864e-01]
accuracies: [           nan 3.53594245e-04 3.36498248e-01 3.56569343e-01
 3.55405731e-01 3.57205753e-01 3.82936508e-01 3.86802771e-01
 3.96204493e-01 3.85041551e-01 3.72222222e-01 3.91133778e-01
 3.85912327e-01 4.12053259e-01 4.06368222e-01 4.11082839e-01
 4.26669780e-01 4.36006826e-01 4.42615944e-01 6.83907896e-01]
