confidences: [       nan 0.00687181 0.0736017  0.12902087 0.1825745  0.23570088
 0.28867432 0.34150171 0.39436975 0.44705731 0.49979496 0.55254221
 0.60541832 0.65803564 0.71101052 0.76370078 0.81650728 0.86976159
 0.9236362  0.9832117 ]
accuracies: [           nan 4.44247200e-05 3.52539000e-02 7.39067674e-02
 1.10529873e-01 1.51310710e-01 1.85055961e-01 2.20717599e-01
 2.62507850e-01 2.96975578e-01 3.41452688e-01 3.86286584e-01
 4.36819589e-01 4.79485361e-01 5.50189753e-01 6.03130256e-01
 6.79011149e-01 7.60284466e-01 8.59774052e-01 9.67544196e-01]
ind_eces: [0.028370185391580285, 0.08470846996528326, 0.12890138265695272, 0.14791725046783177, 0.1094729015045942, 0.1196041701830603, 0.11336553253040793, 0.08782403750829404, 0.05455617268519, 0.22785831630132908, 0.15132034241168527, 0.07882878224002837, 0.014650216464460873, 0.07983393323417708, 0.026158519167172465, 0.16649012886760078, 0.279877506576125, 0.06442774311008805, 0.1149841559360649, 0.07638758901894305, 0.24180048562809045, 0.20105218080307843, 0.03500006412461496, 0.12741703133059826, 0.1760342768398679, 0.2105138558893479, 0.14835167717056452, 0.13903199999570848, 0.14335329323305088, 0.14459408239619564, 0.04694993269183409, 0.1677604136832904, 0.05213093464825633, 0.19420718003357493, 0.20281421893562102, 0.14934306636957176, 0.17861029452562138, 0.09613674204034767, 0.2558237534245485, 0.17998997021927324, 0.16950702675485785, 0.2397386113222777, 0.19123550854204885, 0.1630414598359682, 0.09548983051691584, 0.026256624209185352, 0.17064330676854284, 0.05952540713346092, 0.045480676607967126, 0.0784196301608172, 0.13967537736813537, 0.036468038166433674, 0.06920507701398074, 0.17317743281152348, 0.03468668140762467, 0.03615625513026148, 0.038978448164254394, 0.09413393766565309, 0.06338697243537156, 0.25891393114264066, 0.13626015304753689, 0.13752772802378774, 0.07930320649813588, 0.1468808465731909, 0.04562086070220185, 0.11590298140979827, 0.18732985574370017, 0.16564042627243694, 0.15788885379433612, 0.07006817450718167, 0.14567322459089427, 0.4042551231203977, 0.222811811039882, 0.15177497401327825, 0.09162718158446853, 0.046918972825932714, 0.0685823738513367, 0.07548028259033102, 0.1307601427672934, 0.08391938627507246, 0.08355928554743064, 0.06840991441377536, 0.06442673890282374, 0.04061069016048352, 0.02880463591000537, 0.0497508702079777, 0.1304705540948087, 0.15698623248647128, 0.220159743529692, 0.1910015956189704, 0.020445012785820896, 0.03929798463304565, 0.02675880750792722, 0.021641746521285664, 0.15203991528240113, 0.2696762579722492, 0.29320472948578447, 0.13163510062893694, 0.07173919284134235, 0.13957810072769528, 0.08081081265704362, 0.3258117724321219, 0.06153630272674033, 0.17151879922991556, 0.02305268309089616, 0.17897697264549745, 0.2962775776756302, 0.0799387221659571, 0.04621194428765375, 0.20902473808169716]
ind_hd95s: [2.0, 1.0, 1.4142135381698608, 26.053749084472656, 1.0, 1.4142135381698608, 1.55724036693573, 1.4142135381698608, 1.7320507764816284, 1.4142135381698608, 1.4142135381698608, 1.0, 6.480740547180176, 1.0, 5.099019527435303, 1.4142135381698608, 3.0, 24.98777961730957, 1.4142135381698608, 7.856869220733643, 2.4494898319244385, 1.4142135381698608, 1.0, 3.605551242828369, 1.4142135381698608, 1.4142135381698608, 1.4142135381698608, 1.0, 3.5716443061828613, 5.385164737701416, 4.123105525970459, 1.0, 6.430290222167969, 1.0, 1.0, 3.0, 3.105480432510376, 1.4142135381698608, 1.7320507764816284, 2.0, 1.0, 2.0, 3.0, 14.758018493652344, 1.4142135381698608, 5.004951000213623, 1.0, 1.4142135381698608, 22.768342971801758, 2.4494898319244385, 1.7320507764816284, 1.0, 1.0, 7.1265482902526855, 5.147585868835449, 4.358899116516113, 5.4772257804870605, 1.4142135381698608, 8.485280990600586, 3.7416574954986572, 1.4142135381698608, 1.0, 1.0, 1.4142135381698608, 1.0, 1.0, 1.0, 1.0, 1.4142135381698608, 12.688039779663086, 1.4142135381698608, 16.861173629760742, 1.4142135381698608, 1.4142135381698608, 1.0, 1.0, 1.0, 1.0, 17.57839584350586, 5.4772257804870605, 4.582575798034668, 3.1622776985168457, 12.657987594604492, 1.0, 1.4142135381698608, 4.265590190887451, 1.4142135381698608, 6.339990139007568, 5.4772257804870605, 6.164413928985596, 2.0, 1.0, 1.0, 1.4142135381698608, 1.0, 3.464101552963257, 11.187034606933594, 6.2641072273254395, 3.316624879837036, 1.4142135381698608, 1.0, 22.80330467224121, 1.4142135381698608, 8.865408897399902, 1.0, 3.605551242828369, 12.999942779541016, 21.377506256103516, 1.4142135381698608, 3.1622776985168457]
ind_dices: [0.7427217364311218, 0.8698439598083496, 0.7660702466964722, 0.5224489569664001, 0.8496902585029602, 0.7890839576721191, 0.6760736107826233, 0.6899999976158142, 0.7115384340286255, 0.7631353735923767, 0.8115329742431641, 0.8590612411499023, 0.6260102987289429, 0.8939918875694275, 0.7194961905479431, 0.7978920340538025, 0.6564682126045227, 0.3095526099205017, 0.729752779006958, 0.5928853750228882, 0.7084527015686035, 0.8088420033454895, 0.8458659648895264, 0.6759130954742432, 0.708031177520752, 0.75698322057724, 0.805456280708313, 0.8721286654472351, 0.6322751045227051, 0.6080760359764099, 0.6766698956489563, 0.8348073363304138, 0.5592760443687439, 0.8504297137260437, 0.8245398998260498, 0.7906168699264526, 0.6902457475662231, 0.7477341294288635, 0.7984886765480042, 0.7209253311157227, 0.8600476384162903, 0.7600674629211426, 0.6805492043495178, 0.5877862572669983, 0.782029926776886, 0.7152749300003052, 0.8615474104881287, 0.7950922846794128, 0.5843023061752319, 0.8229765295982361, 0.7847492098808289, 0.8993420600891113, 0.9175429344177246, 0.681502103805542, 0.7396825551986694, 0.6388526558876038, 0.6720085740089417, 0.7910991311073303, 0.7787723541259766, 0.7466912865638733, 0.8395553827285767, 0.890343964099884, 0.8843992948532104, 0.77862149477005, 0.8642548322677612, 0.8709516525268555, 0.8676344156265259, 0.8900234699249268, 0.749177873134613, 0.6632996797561646, 0.7372645735740662, 0.38301578164100647, 0.8108233213424683, 0.8040316700935364, 0.8567749857902527, 0.8863070607185364, 0.894365131855011, 0.8713029623031616, 0.7603464722633362, 0.7902843356132507, 0.6983282566070557, 0.6995119452476501, 0.6303418874740601, 0.8649041056632996, 0.7973997592926025, 0.7690508961677551, 0.7866043448448181, 0.7106537818908691, 0.6928175687789917, 0.7921348214149475, 0.8674347996711731, 0.9044148325920105, 0.9068179130554199, 0.8032851815223694, 0.8621962070465088, 0.7316379547119141, 0.5463157892227173, 0.713731586933136, 0.6967241764068604, 0.8221579790115356, 0.8388099670410156, 0.39204126596450806, 0.8217912912368774, 0.7127172946929932, 0.8987143039703369, 0.7465704679489136, 0.4778936803340912, 0.5485893487930298, 0.8607838749885559, 0.8038421273231506]
ind_avds: [10.276171684265137, 6.650106906890869, 16.88825035095215, 19.18819236755371, 10.983718872070312, 14.05282974243164, 13.350785255432129, 2.0202019214630127, 5.09193754196167, 41.59849548339844, 20.784744262695312, 5.7375993728637695, 31.767614364624023, 4.244194984436035, 22.413793563842773, 18.586549758911133, 70.41366577148438, 71.78294372558594, 14.442413330078125, 15.32846736907959, 46.425418853759766, 26.129840850830078, 0.5275206565856934, 5.608365058898926, 34.44584274291992, 37.9867057800293, 20.2195987701416, 13.855701446533203, 4.878048896789551, 8.760330200195312, 14.542190551757812, 21.8038330078125, 36.05341339111328, 24.309833526611328, 24.889625549316406, 15.716197967529297, 26.094276428222656, 6.632852077484131, 39.04585266113281, 32.85993957519531, 17.721351623535156, 45.243019104003906, 34.065345764160156, 17.127071380615234, 10.507881164550781, 18.282752990722656, 20.384614944458008, 1.1174458265304565, 34.21686935424805, 1.0709785223007202, 19.991857528686523, 3.610675096511841, 3.759734630584717, 38.87042999267578, 14.70588207244873, 30.309734344482422, 29.352779388427734, 5.629506587982178, 4.0100250244140625, 55.8267707824707, 15.335094451904297, 12.18696403503418, 3.974640369415283, 20.19292640686035, 0.2190157175064087, 8.0100679397583, 18.439950942993164, 14.471736907958984, 26.16632843017578, 15.527950286865234, 24.15224838256836, 292.0362854003906, 32.38185119628906, 20.406219482421875, 9.460580825805664, 0.5993008017539978, 9.309869766235352, 6.606110572814941, 9.757739067077637, 0.9433962106704712, 11.055275917053223, 6.345634460449219, 17.898832321166992, 0.14500318467617035, 7.628178596496582, 1.1368091106414795, 9.412860870361328, 26.923076629638672, 47.26185989379883, 25.37131690979004, 7.797386646270752, 0.416574090719223, 5.90878438949585, 7.64089298248291, 16.193973541259766, 56.90951919555664, 90.96477508544922, 10.965630531311035, 3.9364640712738037, 13.053844451904297, 6.529651165008545, 203.86904907226562, 0.30731406807899475, 19.038076400756836, 0.45610034465789795, 30.534351348876953, 131.63096618652344, 24.72527503967285, 9.661639213562012, 28.206390380859375]
ueos: [0.0014694168930873275, 0.0015095850685611367, 0.002249879762530327, 0.18880951404571533, 0.2530285716056824, 0.2979375720024109, 0.33297935128211975, 0.36220258474349976, 0.3861476182937622, 0.40513354539871216, 0.41927191615104675, 0.42505282163619995, 0.4196828305721283, 0.3840440809726715, 0.09509652853012085, 0.04078255966305733, 0.029761329293251038, 0.022527417168021202, 0.017562447115778923, 0.012440160848200321, 0.008123966865241528, 0.004122874233871698]
mean_FN_coverage: [0.678943932056427, 0.6789425611495972, 0.6740536689758301, 0.6519712209701538, 0.62857586145401, 0.605806291103363, 0.582690954208374, 0.5554308295249939, 0.528075635433197, 0.4983530044555664, 0.4622648060321808, 0.41963985562324524, 0.36104315519332886, 0.27997058629989624, 0.04019780457019806, 0.013519011437892914, 0.009155548177659512, 0.006404088344424963, 0.005103191826492548, 0.0034785280004143715, 0.002350929658859968, 0.0010739922290667892]
size_entirely_missed_lesions: [nan, nan, 2.0, 3.569767475128174, 3.1657142639160156, 3.07421875, 3.1490683555603027, 3.3209877014160156, 3.2912423610687256, 3.2540249824523926, 3.3050315380096436, 3.343137264251709, 3.4149999618530273, 3.559267282485962, 3.7068402767181396, 3.710590124130249, 3.704838752746582, 3.706355571746826, 3.7057878971099854, 3.8219728469848633, 3.8213140964508057, 3.8298721313476562]
mean_missed_lesion_coverage: [1.0, 1.0, 0.9782784581184387, 0.8802390098571777, 0.7818282246589661, 0.6939232349395752, 0.6173563599586487, 0.5379375219345093, 0.46635645627975464, 0.4027215838432312, 0.3361315429210663, 0.2764206826686859, 0.2106773406267166, 0.135382741689682, 0.014796123839914799, 0.012223231606185436, 0.009826906956732273, 0.007419533096253872, 0.005538840312510729, 0.004273844417184591, 0.0036020507104694843, 0.0017435692716389894]
prop_entirely_missed: [0.0, 0.0, 0.0014667535433545709, 0.01401564572006464, 0.028520207852125168, 0.04172099009156227, 0.05247718468308449, 0.06600391119718552, 0.08001955598592758, 0.09110169857740402, 0.10365058481693268, 0.11636245250701904, 0.1303780972957611, 0.1512385904788971, 0.2001303732395172, 0.20159712433815002, 0.20208604633808136, 0.2025749683380127, 0.2027379423379898, 0.20322686433792114, 0.20338982343673706, 0.2040417194366455]
