bras: 0.8818746507167816
ece: 0.10961638286120733
dice: 0.75
f1: 0.699999988079071
avd: 23.860000610351562
hd95: 4.199999809265137
recall: 0.6899999976158142
max ueo: 0.42505282163619995
undetected clusters at max ueo: 0.11636245250701904
confidences: [       nan 0.00687181 0.0736017  0.12902087 0.1825745  0.23570088
 0.28867432 0.34150171 0.39436975 0.44705731 0.49979496 0.55254221
 0.60541832 0.65803564 0.71101052 0.76370078 0.81650728 0.86976159
 0.9236362  0.9832117 ]
accuracies: [           nan 4.44247200e-05 3.52539000e-02 7.39067674e-02
 1.10529873e-01 1.51310710e-01 1.85055961e-01 2.20717599e-01
 2.62507850e-01 2.96975578e-01 3.41452688e-01 3.86286584e-01
 4.36819589e-01 4.79485361e-01 5.50189753e-01 6.03130256e-01
 6.79011149e-01 7.60284466e-01 8.59774052e-01 9.67544196e-01]
