confidences: [       nan 0.0048871  0.0739122  0.12910998 0.18268058 0.23575048
 0.28864497 0.3416509  0.39433336 0.44724393 0.49979657 0.552472
 0.60522228 0.65810215 0.71093357 0.76383263 0.81665677 0.86986554
 0.92392576 0.97983164]
accuracies: [           nan 4.84709505e-05 3.70924064e-02 7.39656895e-02
 1.07488390e-01 1.42556607e-01 1.76463800e-01 2.11127803e-01
 2.49038605e-01 2.84930269e-01 3.22066651e-01 3.65644898e-01
 4.08096773e-01 4.60480986e-01 5.20223109e-01 5.76669174e-01
 6.50690514e-01 7.35696562e-01 8.44297341e-01 9.69034519e-01]
ind_eces: [0.03486758146105373, 0.06307119841815186, 0.17515185034346675, 0.23141921435629748, 0.12930392911890692, 0.14936471467960408, 0.16882162829795977, 0.1206887970930417, 0.0486728044182057, 0.24168590228708908, 0.12366256995866391, 0.04644378697416407, 0.0374343966125715, 0.07836223393033517, 0.030404224027985673, 0.17217385313566583, 0.2948156431128691, 0.07715936856637254, 0.18932161286768176, 0.15212503568949906, 0.27113747056619875, 0.20850331822774917, 0.037153854703674265, 0.15007413687955692, 0.18585766982519886, 0.2623075888447055, 0.15047308162216597, 0.07787743080846221, 0.19613926441701862, 0.16504127400664348, 0.09950347096133387, 0.19502175267826719, 0.09348339689202151, 0.16452869578538495, 0.19600847238620883, 0.17047720233180316, 0.19606019891321727, 0.10081788578367248, 0.26343297977393554, 0.20112464877718056, 0.20307051457224226, 0.2876156872823715, 0.2142052209138156, 0.20249334753439518, 0.15555450923524405, 0.05643123732058618, 0.1982738404440909, 0.05981223080122047, 0.09525902072804582, 0.10428421972568061, 0.19017272045143482, 0.05213774817315144, 0.09510016215535497, 0.24496843917932778, 0.06946832157578232, 0.09933396230484595, 0.07633273621285787, 0.1282265811097245, 0.13809167718200366, 0.31180607850130354, 0.17069119507226602, 0.1907820368337292, 0.1566404549687338, 0.1926502485573858, 0.11536289988714638, 0.17874018911516842, 0.239994098240167, 0.20947962805613976, 0.2092585277473148, 0.1579666845822043, 0.2297231249476931, 0.41106140639292055, 0.26476435705869134, 0.19563957935781484, 0.1390019017150349, 0.1220362663268344, 0.02818028663500949, 0.1450955148413836, 0.1714153328567997, 0.14134243491434542, 0.046714238020273156, 0.05142113831988408, 0.1688679281517596, 0.011303761025229519, 0.022000876293959453, 0.03662123393274506, 0.09489402658420246, 0.18607964520020673, 0.1885668077998477, 0.18535189728720888, 0.02014724358130869, 0.02042594190276106, 0.06540488139660841, 0.03555388510975503, 0.17966119453080015, 0.25895336427540294, 0.2702786816896239, 0.13501299280663315, 0.11469240625491528, 0.12696176640133, 0.05390351868011548, 0.3414137214995924, 0.08396818592796731, 0.18418525644766756, 0.015099362636903832, 0.1796633486535253, 0.3134620049121991, 0.168651955581164, 0.07877735648702659, 0.21489060524141543]
ind_hd95s: [2.2360680103302, 1.0, 2.2360680103302, 26.985082626342773, 1.4142135381698608, 1.4142135381698608, 24.59674835205078, 1.736396074295044, 1.4142135381698608, 2.0, 1.0, 1.0, 5.099019527435303, 1.0, 3.316624879837036, 1.4142135381698608, 4.242640495300293, 14.131447792053223, 2.2360680103302, 1.7320507764816284, 4.123105525970459, 1.4142135381698608, 1.0, 1.7320507764816284, 1.7320507764816284, 2.0, 1.4142135381698608, 1.0, 10.286870956420898, 6.89745569229126, 2.0, 1.0, 3.1622776985168457, 1.4142135381698608, 1.4142135381698608, 1.0, 3.1622776985168457, 1.2485281229019165, 1.4142135381698608, 2.4494898319244385, 1.0, 3.0, 3.0, 8.101893424987793, 2.0, 3.0, 1.0, 1.4142135381698608, 13.275588035583496, 2.8284270763397217, 2.2360680103302, 1.0, 1.0, 7.575677394866943, 3.8027756214141846, 2.4494898319244385, 3.4994640350341797, 1.0, 8.66025447845459, 3.316624879837036, 1.4142135381698608, 1.0, 1.0, 1.9062178134918213, 1.0, 1.0, 1.0, 1.0, 1.4142135381698608, 10.699769020080566, 1.4142135381698608, 15.55634880065918, 2.2360680103302, 1.4142135381698608, 1.0, 1.0, 1.0, 1.0, 13.159504890441895, 3.5188732147216797, 4.242640495300293, 2.2360680103302, 20.03371810913086, 1.4142135381698608, 2.0, 4.123105525970459, 1.7320507764816284, 11.80666732788086, 6.633249759674072, 7.0, 1.4142135381698608, 1.0, 1.0, 1.0, 1.4142135381698608, 3.605551242828369, 11.180339813232422, 5.039007663726807, 4.582575798034668, 1.4142135381698608, 1.0, 21.072465896606445, 1.0, 10.816654205322266, 1.0, 3.7416574954986572, 16.18177604675293, 21.974964141845703, 1.4142135381698608, 2.8284270763397217]
ind_dices: [0.7215496301651001, 0.866661012172699, 0.7730775475502014, 0.4964539110660553, 0.8355440497398376, 0.7806975841522217, 0.687868058681488, 0.6936790943145752, 0.7112727165222168, 0.6887940764427185, 0.8278272151947021, 0.8520721197128296, 0.6861016750335693, 0.8948458433151245, 0.7316592931747437, 0.7958575487136841, 0.6400759816169739, 0.31833910942077637, 0.7111280560493469, 0.6143344640731812, 0.6736064553260803, 0.7979504466056824, 0.8541635870933533, 0.6941640973091125, 0.6996523141860962, 0.7220990657806396, 0.8100485801696777, 0.8863687515258789, 0.6192660331726074, 0.6096654534339905, 0.7035398483276367, 0.8223299980163574, 0.6191950440406799, 0.786123514175415, 0.8273487687110901, 0.7934204339981079, 0.6918976306915283, 0.7582706809043884, 0.8005383014678955, 0.7116135954856873, 0.8490250110626221, 0.6952220797538757, 0.6732413172721863, 0.6059171557426453, 0.7636920809745789, 0.7407407164573669, 0.8559612035751343, 0.8026224970817566, 0.6801007390022278, 0.797243058681488, 0.7695231437683105, 0.9034090638160706, 0.9057871699333191, 0.6441496014595032, 0.7750623226165771, 0.6911928653717041, 0.7114588022232056, 0.8024643659591675, 0.7689675092697144, 0.7200464010238647, 0.8304441571235657, 0.875576376914978, 0.8812599182128906, 0.7683397531509399, 0.8534892201423645, 0.8564811944961548, 0.8495005965232849, 0.8839905858039856, 0.7433236241340637, 0.5949177742004395, 0.719977855682373, 0.40691348910331726, 0.780339777469635, 0.8007181286811829, 0.8461059927940369, 0.8785223960876465, 0.9053438305854797, 0.8555750250816345, 0.7655767798423767, 0.7787513732910156, 0.6842312216758728, 0.7213802933692932, 0.5408805012702942, 0.8599321246147156, 0.7865363955497742, 0.7724598050117493, 0.791791558265686, 0.6803653240203857, 0.6716009378433228, 0.7943552732467651, 0.8656532168388367, 0.9062342643737793, 0.8972300887107849, 0.8017934560775757, 0.8528518080711365, 0.7292455434799194, 0.5899441242218018, 0.7126436829566956, 0.6900233626365662, 0.8339309096336365, 0.8406966924667358, 0.4044168293476105, 0.8185096383094788, 0.7169150114059448, 0.8926942944526672, 0.7492179870605469, 0.4524765610694885, 0.5231834053993225, 0.8558765649795532, 0.81597900390625]
ind_avds: [14.322415351867676, 5.3776092529296875, 28.494430541992188, 8.118081092834473, 12.634716987609863, 21.14716911315918, 22.25130844116211, 7.744107723236084, 5.516265869140625, 40.23507308959961, 15.941829681396484, 2.0110511779785156, 17.676143646240234, 4.221128940582275, 10.71761417388916, 19.458280563354492, 84.08273315429688, 65.5813980102539, 39.8537483215332, 13.868613243103027, 62.842010498046875, 28.392309188842773, 0.4478949010372162, 16.634981155395508, 35.453399658203125, 56.98005676269531, 21.835508346557617, 6.611762046813965, 36.314361572265625, 22.314048767089844, 2.8725314140319824, 27.801578521728516, 8.308605194091797, 15.058178901672363, 24.39293670654297, 21.365461349487305, 36.86868667602539, 7.5692548751831055, 40.921722412109375, 38.24681854248047, 22.254718780517578, 61.34953308105469, 44.40278625488281, 33.4254150390625, 28.633975982666016, 8.14211654663086, 24.743589401245117, 1.733181357383728, 8.674698829650879, 4.1369171142578125, 35.66775131225586, 0.2173650562763214, 6.297276020050049, 75.415283203125, 3.43137264251709, 1.5486725568771362, 1.9143117666244507, 16.05657196044922, 19.674184799194336, 71.41732025146484, 21.871904373168945, 19.4682674407959, 15.215801239013672, 33.18328094482422, 11.569183349609375, 17.36748504638672, 26.770523071289062, 19.517608642578125, 44.32048797607422, 7.763975143432617, 50.10380554199219, 272.429443359375, 44.082401275634766, 29.800064086914062, 16.711618423461914, 10.903944969177246, 3.7062525749206543, 16.696945190429688, 18.16958236694336, 15.330188751220703, 17.444364547729492, 6.9756975173950195, 16.536964416503906, 5.127312660217285, 8.045019149780273, 0.1568012535572052, 2.0969245433807373, 40.659339904785156, 39.68376541137695, 26.028732299804688, 7.4410319328308105, 1.3219285011291504, 9.660750389099121, 3.4938478469848633, 20.878704071044922, 55.5125732421875, 74.11944580078125, 13.584287643432617, 6.975138187408447, 10.570236206054688, 1.5842431783676147, 231.25, 4.548248291015625, 28.65731430053711, 1.4894527196884155, 30.956924438476562, 169.1927490234375, 1.5109890699386597, 13.738279342651367, 26.445415496826172]
ueos: [0.0015332552138715982, 0.0024504284374415874, 0.008711764588952065, 0.18723221123218536, 0.2550441324710846, 0.3015393614768982, 0.33761781454086304, 0.367220401763916, 0.3911588191986084, 0.41060981154441833, 0.4246436357498169, 0.432179719209671, 0.430706650018692, 0.4094564914703369, 0.3057861328125, 0.07475249469280243, 0.03670767694711685, 0.02353540249168873, 0.015605027787387371, 0.010392836295068264, 0.00647640461102128, 0.0033548919018357992]
mean_FN_coverage: [0.6370599865913391, 0.6368540525436401, 0.631500780582428, 0.6156840920448303, 0.5988341569900513, 0.5807216763496399, 0.5614574551582336, 0.5400150418281555, 0.5147908926010132, 0.4881916046142578, 0.45598846673965454, 0.4159635901451111, 0.3696763217449188, 0.3051846921443939, 0.1621847152709961, 0.0244432520121336, 0.009747222997248173, 0.006103688385337591, 0.004250755999237299, 0.0028744542505592108, 0.0018522494938224554, 0.0007607011939398944]
size_entirely_missed_lesions: [nan, nan, 2.461538553237915, 2.757575750350952, 3.2327585220336914, 3.4397590160369873, 3.345454454421997, 3.871323585510254, 3.7547168731689453, 3.697612762451172, 3.689342498779297, 3.625, 3.6268656253814697, 3.628654956817627, 3.7428243160247803, 3.910478115081787, 3.9118540287017822, 3.9636731147766113, 3.9889557361602783, 4.080999851226807, 4.093812465667725, 4.135457992553711]
mean_missed_lesion_coverage: [1.0, 0.998757004737854, 0.9690088033676147, 0.8841736912727356, 0.8022002577781677, 0.7214424014091492, 0.6471706628799438, 0.5791849493980408, 0.5111666917800903, 0.44303396344184875, 0.3736291825771332, 0.29925912618637085, 0.2345518320798874, 0.16918863356113434, 0.0617348738014698, 0.011080102063715458, 0.007795036304742098, 0.006757859140634537, 0.004494641907513142, 0.002239050343632698, 0.0006594748701900244, 0.0001597557420609519]
prop_entirely_missed: [0.0, 0.0, 0.0021186440717428923, 0.010756192728877068, 0.018904823809862137, 0.027053454890847206, 0.035853978246450424, 0.04432855173945427, 0.05182529240846634, 0.06144067645072937, 0.07187092304229736, 0.08474576473236084, 0.09827248752117157, 0.11147326976060867, 0.1419491469860077, 0.16020208597183228, 0.16085398197174072, 0.16150586307048798, 0.16232073307037354, 0.1629726141691208, 0.163298562169075, 0.16362451016902924]
