bras: 0.8913319806257883
ece: 0.12332841213768096
dice: 0.75
f1: 0.699999988079071
avd: 27.18000030517578
hd95: 4.179999828338623
recall: 0.7599999904632568
max ueo: 0.432179719209671
undetected clusters at max ueo: 0.08474576473236084
confidences: [       nan 0.0048871  0.0739122  0.12910998 0.18268058 0.23575048
 0.28864497 0.3416509  0.39433336 0.44724393 0.49979657 0.552472
 0.60522228 0.65810215 0.71093357 0.76383263 0.81665677 0.86986554
 0.92392576 0.97983164]
accuracies: [           nan 4.84709505e-05 3.70924064e-02 7.39656895e-02
 1.07488390e-01 1.42556607e-01 1.76463800e-01 2.11127803e-01
 2.49038605e-01 2.84930269e-01 3.22066651e-01 3.65644898e-01
 4.08096773e-01 4.60480986e-01 5.20223109e-01 5.76669174e-01
 6.50690514e-01 7.35696562e-01 8.44297341e-01 9.69034519e-01]
