bras: 0.903931263834238
ece: 0.09148304090927498
dice: 0.7599999904632568
f1: 0.7099999785423279
avd: 21.639999389648438
hd95: 3.940000057220459
recall: 0.7200000286102295
max ueo: 0.4197911024093628
undetected clusters at max ueo: 0.10381355881690979
confidences: [           nan 6.96037780e-04 7.47919828e-02 1.29382074e-01
 1.82742372e-01 2.35777646e-01 2.88710356e-01 3.41476172e-01
 3.94414365e-01 4.47071552e-01 4.99775112e-01 5.52521467e-01
 6.05484188e-01 6.58156395e-01 7.10923016e-01 7.63655126e-01
 8.16839695e-01 8.69834661e-01 9.24078941e-01 9.79062796e-01]
accuracies: [           nan 5.33678341e-05 5.08355212e-02 9.18618273e-02
 1.29364454e-01 1.68037094e-01 2.06999444e-01 2.41125427e-01
 2.84317810e-01 3.25292805e-01 3.69142033e-01 4.11712609e-01
 4.57959394e-01 5.09659031e-01 5.68275680e-01 6.29199648e-01
 6.96376705e-01 7.69887590e-01 8.59650143e-01 9.67465595e-01]
