confidences: [           nan 8.06476688e-04 7.46811032e-02 1.29459709e-01
 1.82801366e-01 2.35804573e-01 2.88745880e-01 3.41625005e-01
 3.94488484e-01 4.47159857e-01 5.00054300e-01 5.52540302e-01
 6.05495572e-01 6.58201516e-01 7.10865557e-01 7.63675451e-01
 8.16778660e-01 8.69789600e-01 9.23851073e-01 9.83160555e-01]
accuracies: [           nan 6.38194325e-05 6.28187161e-02 1.08312829e-01
 1.51599746e-01 1.89234092e-01 2.29386953e-01 2.68487326e-01
 3.04543828e-01 3.39718092e-01 3.87254512e-01 4.23945600e-01
 4.75637685e-01 5.20311314e-01 5.74700071e-01 6.33272372e-01
 6.96436847e-01 7.75676634e-01 8.59051486e-01 9.66941803e-01]
ind_eces: [0.0437089155397014, 0.017880897693587597, 0.0968934047323516, 0.17532940716097117, 0.06861767013883749, 0.1220375728099537, 0.05891430099717402, 0.04174370129787024, 0.03356647595192247, 0.16554130046189613, 0.08795784375890173, 0.031002349349459384, 0.08346016439739588, 0.03235963202600336, 0.045309023671161075, 0.11375205978719159, 0.19930576558825958, 0.08042963687890634, 0.1445280160558904, 0.12051993578887801, 0.18593385940087806, 0.19081508478645418, 0.021465169308570124, 0.08907234284149083, 0.14349859832991185, 0.2174935060665877, 0.10464618691684874, 0.07369471063020584, 0.08390718959495685, 0.07766590289469605, 0.046976133176093324, 0.15312105362942668, 0.043498275474312204, 0.1515764757271168, 0.15370082558006842, 0.15891988396158613, 0.11849173845180018, 0.028456061587447148, 0.22066423525084952, 0.13359793195020586, 0.1912637756123761, 0.21507745204509854, 0.14339692743841134, 0.13459080812044816, 0.09253307521055018, 0.04928703187638631, 0.165261906660407, 0.072558563382442, 0.07246263164559702, 0.11759668025673081, 0.14282475226532726, 0.06127062162961878, 0.09246485761888318, 0.21081393187067152, 0.0333456409966669, 0.04593790535655519, 0.03441863188724577, 0.09216869917936193, 0.042248076811747436, 0.19500968049899217, 0.12323531482596589, 0.15135324105463208, 0.11032724649168597, 0.1503193514477465, 0.059919831670238524, 0.16075259114572416, 0.20162772652582459, 0.18983386063498353, 0.1551541153314694, 0.11893185946869621, 0.2167666382608057, 0.4078231849358995, 0.20509255370750806, 0.1497454185680179, 0.0842414787568368, 0.07067394168187763, 0.05707790041223257, 0.038900871057082315, 0.13639507005765006, 0.1028978953614274, 0.060353040706696975, 0.030310521673003903, 0.08657435404968904, 0.020106358657552288, 0.06036873291713924, 0.037744620310737526, 0.026820767982607484, 0.09210888380822363, 0.14854974852595199, 0.12191467608637901, 0.0780984534822628, 0.02928737992123683, 0.09345161073930386, 0.03447898830352942, 0.12820468267360235, 0.251766747487617, 0.20253960183350644, 0.051733644872454215, 0.07810973696834399, 0.12222912970642508, 0.01879102194426953, 0.28069171378872754, 0.01622599452717395, 0.05324527218438572, 0.03383004496035945, 0.1641683751060921, 0.20319522381024707, 0.04066473390806275, 0.1368194578219567, 0.21352396140182384]
ind_hd95s: [2.2360680103302, 1.0, 1.4142135381698608, 27.066564559936523, 1.0, 1.4142135381698608, 3.0, 7.071067810058594, 2.0, 1.4142135381698608, 1.0, 1.0, 7.235255241394043, 1.0, 3.7416574954986572, 1.4142135381698608, 1.986602544784546, 31.553098678588867, 1.7320507764816284, 4.242640495300293, 1.4142135381698608, 1.4142135381698608, 1.0, 3.0, 1.4142135381698608, 1.4142135381698608, 1.4142135381698608, 1.0, 2.676852226257324, 5.099019527435303, 3.948331594467163, 1.0, 6.810332775115967, 1.0, 1.0, 1.4142135381698608, 2.4494898319244385, 1.866025447845459, 1.4142135381698608, 1.7320507764816284, 1.0, 1.4142135381698608, 3.0, 7.466220378875732, 1.4142135381698608, 3.4711740016937256, 1.0, 1.4142135381698608, 14.20910930633545, 2.0, 2.2360680103302, 1.0, 1.0, 7.0, 4.357388496398926, 3.7416574954986572, 4.242640495300293, 1.4142135381698608, 8.499961853027344, 1.4142135381698608, 1.4142135381698608, 1.0, 1.0, 1.4142135381698608, 1.0, 1.0, 1.0, 1.0, 1.4142135381698608, 9.944823265075684, 1.4142135381698608, 16.67333221435547, 1.4142135381698608, 1.4142135381698608, 1.0, 1.0, 1.0, 1.0, 17.308921813964844, 4.515472888946533, 7.8102498054504395, 3.646383047103882, 9.300421714782715, 1.4142135381698608, 1.4142135381698608, 6.0, 1.4142135381698608, 1.7320507764816284, 5.74456262588501, 6.4031243324279785, 2.0, 1.0, 1.0, 1.4142135381698608, 1.0, 3.0, 11.916375160217285, 9.067605018615723, 3.0, 1.4142135381698608, 1.4142135381698608, 24.2022705078125, 1.4142135381698608, 9.48625659942627, 1.0, 3.316624879837036, 16.155494689941406, 22.069185256958008, 1.4142135381698608, 2.4494898319244385]
ind_dices: [0.7215743660926819, 0.8735018968582153, 0.755602240562439, 0.5380116701126099, 0.849504292011261, 0.7858191728591919, 0.6845278143882751, 0.6458715796470642, 0.6971450448036194, 0.7897244691848755, 0.8308919668197632, 0.8678895831108093, 0.6390169262886047, 0.9012250304222107, 0.7053524255752563, 0.8053293824195862, 0.721729040145874, 0.2535211145877838, 0.722449004650116, 0.5782688856124878, 0.750680685043335, 0.7983265519142151, 0.8551422953605652, 0.6875593662261963, 0.7179194092750549, 0.7545005083084106, 0.8186952471733093, 0.8903475403785706, 0.6573033928871155, 0.6272084712982178, 0.7127307057380676, 0.8414848446846008, 0.5613383054733276, 0.8502894043922424, 0.8440530896186829, 0.7890451550483704, 0.6986027956008911, 0.7450819611549377, 0.8175020217895508, 0.7265816926956177, 0.8601746559143066, 0.7778022885322571, 0.6884681582450867, 0.6347150206565857, 0.7756622433662415, 0.7406262159347534, 0.86241215467453, 0.7978795170783997, 0.6420454382896423, 0.8299031257629395, 0.7709023952484131, 0.9023302793502808, 0.912990152835846, 0.671895444393158, 0.7766684293746948, 0.6940298676490784, 0.6821323037147522, 0.8022141456604004, 0.7583001255989075, 0.8206790685653687, 0.8468524217605591, 0.8924692273139954, 0.8850076198577881, 0.8008130192756653, 0.862129807472229, 0.8622912168502808, 0.8685932755470276, 0.8911406397819519, 0.762076735496521, 0.669767439365387, 0.7299311757087708, 0.3931368589401245, 0.8344465494155884, 0.8269845843315125, 0.8639100193977356, 0.8940219879150391, 0.9060607552528381, 0.8785092830657959, 0.8044871687889099, 0.798138439655304, 0.6738941669464111, 0.7074102163314819, 0.6081504821777344, 0.8643394708633423, 0.7903058528900146, 0.769805371761322, 0.812004804611206, 0.73097825050354, 0.6839116811752319, 0.8165721297264099, 0.8609199523925781, 0.9114500880241394, 0.8987326622009277, 0.8069241046905518, 0.8677828907966614, 0.7439847588539124, 0.6689466238021851, 0.7351916432380676, 0.6860546469688416, 0.8275599479675293, 0.8301299810409546, 0.5009746551513672, 0.8089600205421448, 0.7477899193763733, 0.8885188698768616, 0.7474464774131775, 0.554347813129425, 0.5224006772041321, 0.8471419811248779, 0.8146195411682129]
ind_avds: [23.763648986816406, 0.740837574005127, 5.2461371421813965, 10.701107025146484, 5.847282886505127, 15.864151000976562, 4.581151962280273, 16.498315811157227, 16.69024085998535, 26.93935203552246, 9.79558277130127, 1.0537136793136597, 39.060569763183594, 0.41519299149513245, 24.13793182373047, 10.305106163024902, 33.003597259521484, 78.91472625732422, 23.94881248474121, 1.8248175382614136, 26.919681549072266, 26.441905975341797, 3.8319897651672363, 0.1901140660047531, 20.340049743652344, 40.02848815917969, 12.761549949645996, 6.756756782531738, 7.046070575714111, 12.892561912536621, 10.323160171508789, 18.06087875366211, 40.356082916259766, 18.76568603515625, 16.22516632080078, 17.028112411499023, 10.858586311340332, 9.598127365112305, 29.18017578125, 19.049951553344727, 19.250200271606445, 34.33298873901367, 17.836101531982422, 13.259668350219727, 11.558669090270996, 8.512212753295898, 18.9743595123291, 2.189281702041626, 30.361446380615234, 8.147836685180664, 21.091205596923828, 7.7406110763549805, 6.58791971206665, 54.15282440185547, 13.43137264251709, 22.12389373779297, 15.314494132995605, 5.40765380859375, 11.27819538116455, 30.748031616210938, 14.493231773376465, 13.987993240356445, 8.022433280944824, 21.47909927368164, 4.457613945007324, 13.636363983154297, 19.44536590576172, 16.129032135009766, 24.645030975341797, 0.3105590045452118, 41.38408279418945, 289.1129150390625, 25.770835876464844, 18.279911041259766, 8.475103378295898, 4.677875995635986, 6.812819480895996, 1.189099907875061, 9.959623336791992, 2.712264060974121, 34.458003997802734, 23.26732635498047, 13.81322956085205, 7.2617597579956055, 19.403919219970703, 0.5880047082901001, 5.917986869812012, 2.1978023052215576, 13.941380500793457, 10.396883010864258, 12.59121036529541, 0.09442345798015594, 10.312289237976074, 6.061066150665283, 12.496834754943848, 48.31291580200195, 23.889739990234375, 12.111292839050293, 2.90055251121521, 8.782038688659668, 7.300364017486572, 105.35713958740234, 7.928703308105469, 7.314629077911377, 3.1071836948394775, 24.209379196166992, 42.504119873046875, 37.5, 18.314308166503906, 26.56394386291504]
ueos: [0.0013910471461713314, 0.11605806648731232, 0.20754222571849823, 0.26699304580688477, 0.308108925819397, 0.3402857780456543, 0.3669491708278656, 0.3888944089412689, 0.40703967213630676, 0.4201943576335907, 0.4293108582496643, 0.43241962790489197, 0.42727455496788025, 0.4045349061489105, 0.32453450560569763, 0.10116671770811081, 0.03859265148639679, 0.020951716229319572, 0.012963911518454552, 0.008364981971681118, 0.005190991796553135, 0.002361407270655036]
mean_FN_coverage: [0.6934484839439392, 0.67861008644104, 0.6587207317352295, 0.634997546672821, 0.6120371222496033, 0.5900865197181702, 0.5653651356697083, 0.5395489931106567, 0.5131881237030029, 0.4834173023700714, 0.4499126076698303, 0.4127900004386902, 0.3649986684322357, 0.3038714528083801, 0.19065767526626587, 0.03725492209196091, 0.01037825457751751, 0.004571219440549612, 0.002682435093447566, 0.0016774380346760154, 0.0009980329778045416, 0.0004743174940813333]
size_entirely_missed_lesions: [nan, 3.0638298988342285, 4.037383079528809, 3.846153736114502, 3.8235294818878174, 3.690000057220459, 3.632432460784912, 3.588505744934082, 3.6235060691833496, 3.6737213134765625, 3.6561014652252197, 3.705967903137207, 3.8523316383361816, 3.8607888221740723, 3.827552080154419, 3.886075973510742, 3.9291014671325684, 3.9277503490448, 3.943488836288452, 3.944399118423462, 3.959217071533203, 3.9796416759490967]
mean_missed_lesion_coverage: [1.0, 0.9309625625610352, 0.8477011322975159, 0.7555898427963257, 0.6764588952064514, 0.6101852655410767, 0.5387612581253052, 0.4766625761985779, 0.4215222895145416, 0.363376259803772, 0.3129909932613373, 0.2660602033138275, 0.21036459505558014, 0.1578971892595291, 0.08175600320100784, 0.014700273983180523, 0.004962701816111803, 0.002826980547979474, 0.002344429027289152, 0.0015976961003616452, 0.0004836814187001437, 0.00016273393703158945]
prop_entirely_missed: [0.0, 0.00765971327200532, 0.017438070848584175, 0.027542373165488243, 0.03878748416900635, 0.048891786485910416, 0.06029986962676048, 0.07089308649301529, 0.08181225508451462, 0.09240547567605972, 0.10283572226762772, 0.11196219176054001, 0.12581486999988556, 0.14048239588737488, 0.1644393801689148, 0.19312255084514618, 0.19768579304218292, 0.1985006481409073, 0.19898957014083862, 0.19931551814079285, 0.19980444014072418, 0.2001303732395172]
