bras: 0.9076466684540112
ece: 0.07961006918044296
dice: 0.7599999904632568
f1: 0.7099999785423279
avd: 19.469999313354492
hd95: 4.050000190734863
recall: 0.699999988079071
max ueo: 0.43241962790489197
undetected clusters at max ueo: 0.11196219176054001
confidences: [           nan 8.06476688e-04 7.46811032e-02 1.29459709e-01
 1.82801366e-01 2.35804573e-01 2.88745880e-01 3.41625005e-01
 3.94488484e-01 4.47159857e-01 5.00054300e-01 5.52540302e-01
 6.05495572e-01 6.58201516e-01 7.10865557e-01 7.63675451e-01
 8.16778660e-01 8.69789600e-01 9.23851073e-01 9.83160555e-01]
accuracies: [           nan 6.38194325e-05 6.28187161e-02 1.08312829e-01
 1.51599746e-01 1.89234092e-01 2.29386953e-01 2.68487326e-01
 3.04543828e-01 3.39718092e-01 3.87254512e-01 4.23945600e-01
 4.75637685e-01 5.20311314e-01 5.74700071e-01 6.33272372e-01
 6.96436847e-01 7.75676634e-01 8.59051486e-01 9.66941803e-01]
