confidences: [           nan 4.40126933e-05 7.56111071e-02 1.29779592e-01
 1.83046877e-01 2.36110449e-01 2.88866788e-01 3.41626287e-01
 3.94433022e-01 4.47128117e-01 4.99828935e-01 5.52484214e-01
 6.05283141e-01 6.58122599e-01 7.10883796e-01 7.63702273e-01
 8.16660285e-01 8.69745433e-01 9.23435509e-01 9.87978518e-01]
accuracies: [           nan 7.25503988e-05 8.71002244e-02 1.32440940e-01
 1.76079004e-01 2.15812555e-01 2.58281681e-01 2.96088069e-01
 3.33188138e-01 3.75289363e-01 4.14117647e-01 4.58001074e-01
 5.04800817e-01 5.48345051e-01 5.99041234e-01 6.49264084e-01
 7.07780556e-01 7.75165439e-01 8.54326482e-01 9.61220397e-01]
ind_eces: [0.04393786204092599, 0.023141388372713654, 0.10710980519350739, 0.1239842003173212, 0.046520926520074654, 0.12067421928917277, 0.0715809373385849, 0.034076812151667545, 0.047989198529694514, 0.20148077929057445, 0.08562199655124275, 0.0299926701772794, 0.10688441037694509, 0.038163808205122635, 0.044515523917047425, 0.12937596977360283, 0.1825645913745075, 0.10134600208590122, 0.128290918130521, 0.06947215727539502, 0.16953942946936648, 0.16463295994981142, 0.010742613589248376, 0.10476809894381732, 0.14755588529306146, 0.2019353978613069, 0.11358133189253028, 0.012856248775804813, 0.030160181790870592, 0.08508443555373611, 0.040994772003316665, 0.13117033515113694, 0.05684871169627365, 0.14147354638510923, 0.14629102735020438, 0.11926704361559902, 0.11792997275935312, 0.04205552886880026, 0.22153467747163832, 0.10461788759150585, 0.1648516331635784, 0.16376624665259526, 0.137321161648421, 0.0749293815470023, 0.04194856953371486, 0.033423695652382866, 0.13511103033072042, 0.009353426683205478, 0.0597491158026738, 0.07390338141216914, 0.09608073462543275, 0.04317036859703935, 0.08847157660593029, 0.19809386552031505, 0.05670040316015596, 0.06034411694829527, 0.054423060899345205, 0.0681460482851338, 0.03914744123383428, 0.18737494327007662, 0.1049437142608049, 0.12684967812203268, 0.06249643358608094, 0.13505270684135726, 0.030718979044487123, 0.11607355482734165, 0.22314932995406045, 0.1757281796582408, 0.15050045692104286, 0.09603018674048905, 0.19498012263591688, 0.4150245589866128, 0.19913652487368944, 0.15316122884488748, 0.04612482319490446, 0.03598746208101077, 0.04872409843826002, 0.02449550411434755, 0.11557106572568765, 0.03818091754147754, 0.07665232066341016, 0.04261672780602595, 0.049959210946349863, 0.04190748757526222, 0.028007318905151908, 0.03347746900299456, 0.028074021864143577, 0.03160673534704503, 0.14680302688800342, 0.12432744098273546, 0.09794767532062083, 0.013225347196234711, 0.09651489575794886, 0.025725585063332765, 0.11828444455312383, 0.2252116055385939, 0.21240285667694903, 0.0505825815028457, 0.01261198139646225, 0.08560126326037536, 0.01192174580679174, 0.25927042058989275, 0.08741505764946858, 0.03595547900046889, 0.06126631465489116, 0.16309945767065198, 0.17922153548797917, 0.03129207408194136, 0.13265803831412504, 0.2322926115772478]
ind_hd95s: [1.4142135381698608, 1.0, 1.0, 38.262245178222656, 1.0, 1.4142135381698608, 3.913309097290039, 7.186040878295898, 2.0, 1.4142135381698608, 1.0, 1.0, 8.124038696289062, 1.0, 4.582575798034668, 1.4142135381698608, 2.2360680103302, 16.455839157104492, 1.4142135381698608, 7.856869220733643, 1.4142135381698608, 1.4142135381698608, 1.0, 2.2360680103302, 1.4142135381698608, 1.4142135381698608, 1.0, 1.0, 5.019003391265869, 4.582575798034668, 4.0, 1.0, 7.663295269012451, 1.0, 1.0, 1.0, 2.2360680103302, 1.4142135381698608, 1.4142135381698608, 1.4142135381698608, 1.0, 1.0, 3.492391586303711, 14.86269760131836, 1.4142135381698608, 4.129082202911377, 1.0, 1.9196152687072754, 23.26752281188965, 2.2360680103302, 1.4142135381698608, 1.0, 1.0, 7.021320343017578, 3.1622776985168457, 3.7798023223876953, 4.499745845794678, 1.4142135381698608, 9.219544410705566, 1.7320507764816284, 1.4142135381698608, 1.0, 1.0, 1.4142135381698608, 1.0, 1.0, 1.0, 1.0, 2.0, 10.477941513061523, 1.0, 17.11724281311035, 1.4142135381698608, 1.4142135381698608, 1.0, 1.0, 1.0, 1.0, 17.35511016845703, 4.008671283721924, 5.196152210235596, 4.123105525970459, 9.503289222717285, 1.4142135381698608, 1.4142135381698608, 3.0, 2.0, 6.4031243324279785, 5.186439037322998, 5.468019485473633, 1.7320507764816284, 1.0, 1.0, 1.4142135381698608, 1.0, 2.4494898319244385, 10.72380542755127, 7.280109882354736, 1.9464101791381836, 1.4142135381698608, 1.0, 11.772078514099121, 1.4142135381698608, 3.0486834049224854, 1.0, 3.1622776985168457, 13.269831657409668, 13.796629905700684, 1.4142135381698608, 3.0]
ind_dices: [0.7293097376823425, 0.8715648651123047, 0.7984998226165771, 0.5198237895965576, 0.8493026494979858, 0.7899324893951416, 0.6617250442504883, 0.6692307591438293, 0.6970829963684082, 0.7761420011520386, 0.8296207785606384, 0.8625033497810364, 0.5803278684616089, 0.898104727268219, 0.7086864113807678, 0.8004705309867859, 0.7349737882614136, 0.24195624887943268, 0.7189978957176208, 0.5845511555671692, 0.7593111991882324, 0.8228492736816406, 0.8503856658935547, 0.6853147149085999, 0.7122976183891296, 0.7539987564086914, 0.8240426778793335, 0.8917667865753174, 0.646967351436615, 0.6155234575271606, 0.6686807870864868, 0.8424363136291504, 0.5139442086219788, 0.8564348816871643, 0.8500322103500366, 0.7989344000816345, 0.7031469345092773, 0.7532415986061096, 0.8206164836883545, 0.7411571741104126, 0.8625487089157104, 0.8009433746337891, 0.7008331418037415, 0.5961251854896545, 0.7868561148643494, 0.7252195477485657, 0.8837630152702332, 0.7864136099815369, 0.578125, 0.8301650285720825, 0.7950116991996765, 0.9005642533302307, 0.9140230417251587, 0.7029288411140442, 0.7974816560745239, 0.6594594717025757, 0.7092348337173462, 0.8032172918319702, 0.7705570459365845, 0.8098945021629333, 0.8539379239082336, 0.8959372043609619, 0.888674259185791, 0.8102778792381287, 0.8644763827323914, 0.8764622211456299, 0.8643035292625427, 0.8988451361656189, 0.7531607747077942, 0.6569105982780457, 0.7583081722259521, 0.3884444832801819, 0.8376836180686951, 0.8263403177261353, 0.8644469380378723, 0.9017062187194824, 0.9020407199859619, 0.8738775849342346, 0.7921568751335144, 0.8083028197288513, 0.672758936882019, 0.6848816275596619, 0.6258205771446228, 0.8603883981704712, 0.8001345992088318, 0.7622852325439453, 0.807306170463562, 0.7355982065200806, 0.7227436304092407, 0.8217684030532837, 0.8583528995513916, 0.9110175371170044, 0.8986334204673767, 0.7989258766174316, 0.8728062510490417, 0.7606316208839417, 0.638241171836853, 0.7230371236801147, 0.7034795880317688, 0.8355424404144287, 0.8374395370483398, 0.5282608866691589, 0.8068143129348755, 0.7581344842910767, 0.893659234046936, 0.7559855580329895, 0.6001478433609009, 0.5084145069122314, 0.8496951460838318, 0.7918668389320374]
ind_avds: [22.286447525024414, 0.8279949426651001, 10.779733657836914, 32.47232437133789, 2.2242605686187744, 14.701887130737305, 5.759162425994873, 24.91582489013672, 10.89108943939209, 35.68406295776367, 6.941967487335205, 7.196093559265137, 49.19654083251953, 1.6223281621932983, 24.044734954833984, 11.737235069274902, 22.93165397644043, 79.53488159179688, 18.921388626098633, 25.18248176574707, 20.388349533081055, 17.83783721923828, 5.145814895629883, 3.897338390350342, 21.725440979003906, 34.520416259765625, 13.693805694580078, 2.053126096725464, 25.745258331298828, 16.85950469970703, 21.72351837158203, 15.084554672241211, 51.03857421875, 16.370065689086914, 13.990066528320312, 11.057563781738281, 9.974747657775879, 4.408895969390869, 29.15701675415039, 9.059745788574219, 15.009305953979492, 19.2347469329834, 12.158543586730957, 14.640884399414062, 2.8021016120910645, 23.01998519897461, 12.59615421295166, 11.33409309387207, 45.78313064575195, 1.0499789714813232, 8.95765495300293, 7.390411853790283, 5.082535266876221, 38.20597839355469, 13.13725471496582, 36.28318405151367, 27.256153106689453, 0.027731558308005333, 11.027568817138672, 27.598424911499023, 8.963354110717773, 9.828473091125488, 1.9507436752319336, 15.241157531738281, 0.7729966640472412, 7.580692768096924, 21.301513671875, 12.696063995361328, 24.611223220825195, 9.006211280822754, 29.065744400024414, 294.6320495605469, 21.812307357788086, 17.835607528686523, 1.2655601501464844, 0.01664724573493004, 7.063507556915283, 0.47894302010536194, 5.921937942504883, 6.839622497558594, 35.03230285644531, 27.047704696655273, 22.178987503051758, 10.057421684265137, 14.172572135925293, 3.763230085372925, 7.385834217071533, 14.01098918914795, 19.841882705688477, 9.83686351776123, 15.688104629516602, 3.438124895095825, 10.941361427307129, 13.322193145751953, 9.939225196838379, 39.54438018798828, 29.86217498779297, 10.310965538024902, 17.4033145904541, 2.3643949031829834, 5.3521728515625, 73.80952453613281, 19.606637954711914, 15.230461120605469, 6.1217217445373535, 22.614503860473633, 22.899505615234375, 44.91758346557617, 17.804729461669922, 30.798595428466797]
ueos: [0.001368795637972653, 0.24031412601470947, 0.29174333810806274, 0.3265494406223297, 0.35384610295295715, 0.37667274475097656, 0.3955959677696228, 0.411222904920578, 0.4242183268070221, 0.4324912130832672, 0.4366244673728943, 0.43429887294769287, 0.41948553919792175, 0.3739834427833557, 0.07314563542604446, 0.021251769736409187, 0.015411478467285633, 0.01237261202186346, 0.009995500557124615, 0.007527769543230534, 0.0052981446497142315, 0.002829235978424549]
mean_FN_coverage: [0.7138200998306274, 0.6702655553817749, 0.6459296941757202, 0.6236956715583801, 0.6033858060836792, 0.579992949962616, 0.5566608905792236, 0.5316027998924255, 0.5031375885009766, 0.47153815627098083, 0.4356568157672882, 0.3897928297519684, 0.33210355043411255, 0.2494000792503357, 0.027300361543893814, 0.005895982496440411, 0.00405352795496583, 0.00345126586034894, 0.0026384012307971716, 0.0018010579515248537, 0.001151926233433187, 0.0005512114148586988]
size_entirely_missed_lesions: [nan, 3.7650601863861084, 3.685950517654419, 3.478827476501465, 3.4078211784362793, 3.4506022930145264, 3.3766233921051025, 3.495126724243164, 3.623008966445923, 3.6009538173675537, 3.5905849933624268, 3.661879777908325, 3.7056736946105957, 3.7763845920562744, 3.813628911972046, 3.855987071990967, 3.887096881866455, 3.887993574142456, 3.906677484512329, 3.9036145210266113, 3.913461446762085, 3.9143314361572266]
mean_missed_lesion_coverage: [1.0, 0.8036251068115234, 0.7112001776695251, 0.6338130235671997, 0.5737538933753967, 0.5096518993377686, 0.4525250494480133, 0.4062017798423767, 0.36114993691444397, 0.3120740056037903, 0.26421689987182617, 0.22228935360908508, 0.17598986625671387, 0.11406715959310532, 0.01109395269304514, 0.00535858329385519, 0.004022611770778894, 0.003524435916915536, 0.002842273795977235, 0.0016146249836310744, 0.00016012811101973057, 0.0]
prop_entirely_missed: [0.0, 0.027053454890847206, 0.0394393727183342, 0.0500325933098793, 0.058344196528196335, 0.06763363629579544, 0.07529334723949432, 0.08360495418310165, 0.0920795276761055, 0.10250978171825409, 0.11424380540847778, 0.12483702600002289, 0.13787484169006348, 0.15596479177474976, 0.1985006481409073, 0.2014341652393341, 0.20208604633808136, 0.20224902033805847, 0.2025749683380127, 0.20290091633796692, 0.20338982343673706, 0.20355279743671417]
