bras: 0.9188251718878746
ece: 0.06140598188855902
dice: 0.7599999904632568
f1: 0.7300000190734863
avd: 19.600000381469727
hd95: 3.9000000953674316
recall: 0.699999988079071
max ueo: 0.4366244673728943
undetected clusters at max ueo: 0.11424380540847778
confidences: [           nan 4.40126933e-05 7.56111071e-02 1.29779592e-01
 1.83046877e-01 2.36110449e-01 2.88866788e-01 3.41626287e-01
 3.94433022e-01 4.47128117e-01 4.99828935e-01 5.52484214e-01
 6.05283141e-01 6.58122599e-01 7.10883796e-01 7.63702273e-01
 8.16660285e-01 8.69745433e-01 9.23435509e-01 9.87978518e-01]
accuracies: [           nan 7.25503988e-05 8.71002244e-02 1.32440940e-01
 1.76079004e-01 2.15812555e-01 2.58281681e-01 2.96088069e-01
 3.33188138e-01 3.75289363e-01 4.14117647e-01 4.58001074e-01
 5.04800817e-01 5.48345051e-01 5.99041234e-01 6.49264084e-01
 7.07780556e-01 7.75165439e-01 8.54326482e-01 9.61220397e-01]
