confidences: [       nan 0.00155757 0.07471563 0.12938112 0.18285219 0.23593231
 0.28877598 0.34155715 0.39455906 0.44703183 0.50001037 0.5527373
 0.6054067  0.65807939 0.71089065 0.76375365 0.81663793 0.8696962
 0.92367047 0.98332685]
accuracies: [           nan 7.08431041e-05 6.25225676e-02 1.05070368e-01
 1.46990819e-01 1.82757536e-01 2.24756137e-01 2.67807144e-01
 3.03069621e-01 3.42429321e-01 3.80916320e-01 4.24027309e-01
 4.79493342e-01 5.24431045e-01 5.78532154e-01 6.33780706e-01
 7.03712339e-01 7.76531563e-01 8.59029429e-01 9.66153052e-01]
ind_eces: [0.059499890473398986, 0.022479876535589215, 0.11903968167155081, 0.14661006408398253, 0.07662307180908001, 0.09918791612739984, 0.05006390783785169, 0.052703023297371, 0.03418237164468631, 0.15542918348634036, 0.07394451832040622, 0.015794416231547048, 0.041557917898016314, 0.03895937642537847, 0.04664439794658503, 0.12049553509777199, 0.24438746202462364, 0.07826158409255425, 0.13818829339442049, 0.09702559867376889, 0.1775954755206707, 0.17225315043521816, 0.019183574026379182, 0.09095569440910373, 0.15315520603989485, 0.2304420075176822, 0.09085887962370302, 0.05671397831690325, 0.10517180538287749, 0.09049305918747556, 0.04986723420065206, 0.1452901382089454, 0.044308049349272044, 0.1260191534992783, 0.12691492369905077, 0.13271420171500387, 0.16829478323264535, 0.04222018871947156, 0.19686664459465072, 0.13912388551268406, 0.1882753052558176, 0.24707448506980548, 0.13151842213894788, 0.10700879084315357, 0.07755642028788712, 0.036217173133355075, 0.15251952353012962, 0.07171214824709418, 0.09513966787808403, 0.0708320771139656, 0.12873880787923367, 0.047801156812525135, 0.11242856992947775, 0.19999929808587605, 0.024848724332501886, 0.05514966188391465, 0.05885928975583246, 0.030822626281325222, 0.027782091070213955, 0.23404175313559372, 0.1271469895371277, 0.11396254918108327, 0.08634590843953054, 0.1345273949963154, 0.03205593176829465, 0.13012842809663341, 0.18882725617866467, 0.180345478252022, 0.12318178233863541, 0.09299798301589277, 0.15596053334318627, 0.40995489231730814, 0.22116189300585218, 0.1475705268309977, 0.04821701425345463, 0.06703365726688276, 0.04744496121651445, 0.05132922952588759, 0.11187555386457317, 0.0771019438104611, 0.06108008534626693, 0.025975832759429007, 0.025486431618005054, 0.01732128340458893, 0.03221406208727154, 0.042813564889470974, 0.053485072391189145, 0.04079087304229814, 0.17456542381094542, 0.15387172975136737, 0.08844264522479622, 0.041862412487940565, 0.07713566177246306, 0.019701736282258332, 0.08879536663943358, 0.2274801321712444, 0.23123860585933295, 0.049447008289883104, 0.018964958551441254, 0.12469144148349286, 0.018396409622124823, 0.2900914154971989, 0.02612747314182248, 0.07124835474230849, 0.013885133588580005, 0.1569635294131228, 0.22987482404959078, 0.05652104874271408, 0.08078867386206995, 0.1864131372499798]
ind_hd95s: [3.1622776985168457, 1.0, 1.4142135381698608, 25.77593421936035, 1.0, 1.0, 4.4721360206604, 7.186040878295898, 3.0, 2.0, 1.0, 1.0, 7.071067810058594, 1.0, 4.677496910095215, 1.4142135381698608, 2.2360680103302, 25.286279678344727, 1.7320507764816284, 6.282077312469482, 1.4142135381698608, 1.4142135381698608, 1.0, 4.141036033630371, 1.4142135381698608, 1.4142135381698608, 1.0, 1.0, 2.011803388595581, 5.1767258644104, 4.123105525970459, 1.0, 8.306623458862305, 1.0, 1.0, 3.1622776985168457, 2.4494898319244385, 3.1622776985168457, 1.4142135381698608, 2.0, 1.0, 1.4142135381698608, 3.316624879837036, 12.874322891235352, 2.879899024963379, 6.711910247802734, 1.0, 1.7320507764816284, 22.49580192565918, 3.1622776985168457, 1.4142135381698608, 1.0, 1.0, 7.300617694854736, 5.385164737701416, 4.731276035308838, 11.045360565185547, 2.0, 9.219544410705566, 2.2360680103302, 1.4142135381698608, 1.0, 1.0, 1.4142135381698608, 1.0, 1.0, 1.0, 1.0, 1.4142135381698608, 11.708964347839355, 1.4142135381698608, 16.76305389404297, 1.4142135381698608, 1.4142135381698608, 1.0, 1.0, 1.4142135381698608, 1.0, 17.498567581176758, 11.294836044311523, 8.124038696289062, 3.605551242828369, 12.32862663269043, 1.0, 2.2360680103302, 10.488088607788086, 2.4494898319244385, 11.291394233703613, 5.74456262588501, 7.0, 1.4142135381698608, 1.0, 1.0, 1.4142135381698608, 1.0, 3.605551242828369, 10.37775993347168, 12.04887580871582, 6.7082037925720215, 2.0, 1.4142135381698608, 19.235383987426758, 3.427232503890991, 4.614927768707275, 1.0, 3.1622776985168457, 12.884099006652832, 21.123889923095703, 1.4142135381698608, 3.1622776985168457]
ind_dices: [0.6834020018577576, 0.8672956824302673, 0.7925840020179749, 0.5506072640419006, 0.8513184189796448, 0.7815450429916382, 0.6611456274986267, 0.6959578394889832, 0.6892284154891968, 0.7201380133628845, 0.8273124098777771, 0.8610600829124451, 0.6176245212554932, 0.8946986198425293, 0.7070114612579346, 0.8078524470329285, 0.6924991011619568, 0.2291666716337204, 0.7164546847343445, 0.6101083159446716, 0.7433423399925232, 0.8038082122802734, 0.8454721570014954, 0.6848397850990295, 0.7060462236404419, 0.7462801933288574, 0.8169986009597778, 0.8914594054222107, 0.6109589338302612, 0.5750853419303894, 0.6823191046714783, 0.8329731225967407, 0.5215686559677124, 0.8271565437316895, 0.8498377799987793, 0.7914655804634094, 0.6893095970153809, 0.7375829219818115, 0.8208281993865967, 0.7073116898536682, 0.8547335267066956, 0.7314992547035217, 0.6861423254013062, 0.6225895285606384, 0.776410698890686, 0.7078651785850525, 0.8585680723190308, 0.7780690789222717, 0.563417911529541, 0.807209849357605, 0.7885372042655945, 0.8981742858886719, 0.9103331565856934, 0.635869562625885, 0.7583643198013306, 0.6476190686225891, 0.6778924465179443, 0.7906576991081238, 0.775347888469696, 0.7766078114509583, 0.8445096015930176, 0.8907590508460999, 0.8861180543899536, 0.7783687710762024, 0.8512561917304993, 0.8653095960617065, 0.8692867159843445, 0.8870923519134521, 0.7633970379829407, 0.6387096643447876, 0.7454601526260376, 0.38093313574790955, 0.8126094341278076, 0.8112708926200867, 0.8591873049736023, 0.8809894323348999, 0.8951596617698669, 0.8647417426109314, 0.7905294299125671, 0.7762073278427124, 0.6590610146522522, 0.6821938157081604, 0.5727810859680176, 0.8661032319068909, 0.7708907127380371, 0.7444924712181091, 0.7978063821792603, 0.7212164998054504, 0.6747791171073914, 0.804029107093811, 0.8552427887916565, 0.9086228609085083, 0.9031197428703308, 0.7972409129142761, 0.8794541954994202, 0.7555042505264282, 0.6161616444587708, 0.7046632170677185, 0.6778602004051208, 0.8236306309700012, 0.8359964489936829, 0.46066349744796753, 0.8047028183937073, 0.7521986365318298, 0.892736554145813, 0.7518394589424133, 0.5317104458808899, 0.4974533021450043, 0.8558779954910278, 0.8221521973609924]
ind_avds: [28.580604553222656, 0.47064974904060364, 17.067913055419922, 17.712177276611328, 6.9708781242370605, 11.018867492675781, 10.340313911437988, 8.417508125305176, 17.14992904663086, 18.05359649658203, 7.353546619415283, 4.112053394317627, 38.68973922729492, 1.1610026359558105, 25.209692001342773, 9.339975357055664, 52.96762466430664, 80.93022918701172, 22.76051139831543, 2.1897809505462646, 28.684907913208008, 23.594316482543945, 4.578481197357178, 1.2357414960861206, 26.007556915283203, 45.72649383544922, 10.1097993850708, 4.0656538009643555, 2.1680216789245605, 6.280991554260254, 12.65709114074707, 19.09808349609375, 48.66468811035156, 14.236824035644531, 12.61037540435791, 10.81659984588623, 26.767677307128906, 5.969566822052002, 25.93793487548828, 21.69441795349121, 19.137197494506836, 42.45087814331055, 14.515265464782715, 0.5524861812591553, 6.392294406890869, 15.544041633605957, 18.461538314819336, 0.06841505318880081, 19.5180721282959, 0.776984453201294, 17.38599395751953, 7.523245811462402, 7.240004539489746, 44.518272399902344, 15.392156600952148, 37.389381408691406, 32.17866897583008, 6.461452960968018, 10.90225601196289, 43.031497955322266, 13.915483474731445, 9.931389808654785, 5.340160846710205, 17.62057876586914, 0.5282143950462341, 8.750370025634766, 17.313003540039062, 15.981059074401855, 15.753888130187988, 7.453416347503662, 24.844289779663086, 299.0927429199219, 30.644943237304688, 16.248809814453125, 2.9564316272735596, 3.2462127208709717, 7.864726543426514, 3.055326223373413, 4.643337726593018, 0.2358490526676178, 36.39626693725586, 20.297029495239258, 35.603111267089844, 3.0334668159484863, 18.42434310913086, 9.604076385498047, 4.566635608673096, 10.302197456359863, 31.35364532470703, 17.55539321899414, 13.72815227508545, 0.6498556137084961, 8.679697036743164, 10.603068351745605, 7.862750053405762, 42.080379486083984, 42.5727424621582, 10.474631309509277, 23.135358810424805, 7.848201751708984, 7.064868450164795, 113.98809814453125, 11.800860404968262, 6.312625408172607, 1.6106042861938477, 24.16848373413086, 57.1663932800293, 38.18681335449219, 13.524255752563477, 24.58438491821289]
ueos: [0.001432861783541739, 0.1144833117723465, 0.20052678883075714, 0.2590497136116028, 0.2991411089897156, 0.33119457960128784, 0.3573338985443115, 0.3791625201702118, 0.39743974804878235, 0.4126810133457184, 0.4238200783729553, 0.42899808287620544, 0.42754966020584106, 0.4126606583595276, 0.34694698452949524, 0.18491117656230927, 0.08481912314891815, 0.042928025126457214, 0.025261957198381424, 0.015523570589721203, 0.009408107027411461, 0.004204197321087122]
mean_FN_coverage: [0.7297914028167725, 0.7099371552467346, 0.6824406981468201, 0.6567268967628479, 0.6318278312683105, 0.606498122215271, 0.582807183265686, 0.5563163757324219, 0.5280097723007202, 0.4998553693294525, 0.46527159214019775, 0.4268805682659149, 0.38073718547821045, 0.32342901825904846, 0.22881604731082916, 0.09798110276460648, 0.03795317932963371, 0.015268392860889435, 0.008776571601629257, 0.004648828878998756, 0.0022594183683395386, 0.000989799271337688]
size_entirely_missed_lesions: [nan, 3.4078948497772217, 3.325301170349121, 3.2509653568267822, 3.3352112770080566, 3.158508062362671, 3.1636364459991455, 3.286987543106079, 3.4905362129211426, 3.5791726112365723, 3.6136951446533203, 3.709869146347046, 3.752136707305908, 4.076624870300293, 4.072425842285156, 4.1014604568481445, 4.117770195007324, 4.136877059936523, 4.178947448730469, 4.208115100860596, 4.291503429412842, 4.316818714141846]
mean_missed_lesion_coverage: [1.0, 0.924655020236969, 0.8254173398017883, 0.7397523522377014, 0.6610559225082397, 0.590645432472229, 0.5325160026550293, 0.4731155335903168, 0.41705265641212463, 0.36874160170555115, 0.3196079432964325, 0.2710683345794678, 0.22473257780075073, 0.1796407848596573, 0.12845470011234283, 0.07196876406669617, 0.028560621663928032, 0.008687772788107395, 0.004315071739256382, 0.0015681320801377296, 0.0005810665898025036, 0.00016286644677165896]
prop_entirely_missed: [0.0, 0.012385918758809566, 0.027053454890847206, 0.04220990836620331, 0.057855281978845596, 0.06991525739431381, 0.08067144453525543, 0.09142763912677765, 0.10332464426755905, 0.11424380540847778, 0.1261408030986786, 0.13705997169017792, 0.1525423675775528, 0.16802477836608887, 0.1867666244506836, 0.2120273858308792, 0.23386570811271667, 0.24527379870414734, 0.24771837890148163, 0.24902217090129852, 0.24934810400009155, 0.25]
