bras: 0.8899476987620194
ece: 0.07992056413293736
dice: 0.75
f1: 0.6700000166893005
avd: 20.450000762939453
hd95: 4.579999923706055
recall: 0.6299999952316284
max ueo: 0.42899808287620544
undetected clusters at max ueo: 0.13705997169017792
confidences: [       nan 0.00155757 0.07471563 0.12938112 0.18285219 0.23593231
 0.28877598 0.34155715 0.39455906 0.44703183 0.50001037 0.5527373
 0.6054067  0.65807939 0.71089065 0.76375365 0.81663793 0.8696962
 0.92367047 0.98332685]
accuracies: [           nan 7.08431041e-05 6.25225676e-02 1.05070368e-01
 1.46990819e-01 1.82757536e-01 2.24756137e-01 2.67807144e-01
 3.03069621e-01 3.42429321e-01 3.80916320e-01 4.24027309e-01
 4.79493342e-01 5.24431045e-01 5.78532154e-01 6.33780706e-01
 7.03712339e-01 7.76531563e-01 8.59029429e-01 9.66153052e-01]
