confidences: [           nan 9.43969819e-04 7.46289268e-02 1.29328415e-01
 1.82756051e-01 2.35715136e-01 2.88770437e-01 3.41673702e-01
 3.94269049e-01 4.46963310e-01 4.99898076e-01 5.52644968e-01
 6.05442941e-01 6.58264160e-01 7.10685015e-01 7.63702452e-01
 8.16755354e-01 8.69959235e-01 9.24062729e-01 9.80322957e-01]
accuracies: [           nan 6.08290716e-05 5.76161804e-02 9.99256165e-02
 1.40891038e-01 1.81590739e-01 2.14062802e-01 2.58557419e-01
 2.90958202e-01 3.29315621e-01 3.72049139e-01 4.15319719e-01
 4.62008114e-01 5.10439273e-01 5.63178643e-01 6.29268745e-01
 6.91165212e-01 7.68189378e-01 8.59109463e-01 9.63728732e-01]
ind_eces: [0.0257257131917347, 0.02785545389921482, 0.1346047328723593, 0.13236470180815982, 0.08248067431019826, 0.11050331768499014, 0.04642318562745649, 0.02407117479893449, 0.03185123040768, 0.1971718110711978, 0.09200391701454486, 0.03293055465972521, 0.06388132676565184, 0.031066180559039005, 0.05533562203585451, 0.15085323178059623, 0.23308959811782592, 0.07392779913858674, 0.15245034603040583, 0.08072198289868121, 0.21983580992590637, 0.1929216889940634, 0.020228137950553598, 0.09530387043954633, 0.17003730458855879, 0.2384834279378643, 0.10097682016620556, 0.09799884998295479, 0.10793559771902235, 0.12195928949704878, 0.03249993829139963, 0.16398852001179845, 0.034470788941814316, 0.19303416381101274, 0.13511196182440796, 0.13826212577892905, 0.1533133075436416, 0.05319876037358845, 0.21722142133490377, 0.18073541057074177, 0.18299145149250956, 0.22086536688235825, 0.1359798007572747, 0.05135478163790441, 0.05952597423209652, 0.027586665106466242, 0.15555633297291432, 0.09695533685434071, 0.06673466084342082, 0.06924912696341166, 0.13636757477026293, 0.06048272313940459, 0.09161414709474527, 0.21130240896639021, 0.055937484215204995, 0.04837010342023197, 0.07591227958919841, 0.06723289384093593, 0.042526014801221326, 0.2290138623520671, 0.10756877967060453, 0.1420547725751202, 0.10196291995600325, 0.12617154293269006, 0.05500205772767535, 0.13748739226046056, 0.18344704916106502, 0.14655277555257398, 0.1799827594542679, 0.11709356440193905, 0.17351776718364859, 0.41161891704555703, 0.19524356568871226, 0.14509365777031719, 0.057359867251541186, 0.04585295536805104, 0.06674157812283962, 0.03667570816758403, 0.11535353709431348, 0.08188824130937099, 0.09476581462606681, 0.018942076835102614, 0.030714934312632818, 0.034265549661201655, 0.009102633812545962, 0.032336599364462655, 0.1045059295628365, 0.07584333959869975, 0.19987445918176333, 0.12557129890910934, 0.0672800831000841, 0.04706433956793736, 0.0377892771621295, 0.06342759829450702, 0.12522011399705932, 0.25124439507962104, 0.2672029981790173, 0.08960721483804723, 0.07202977432767606, 0.112911957447604, 0.022726503421644038, 0.3172229883307647, 0.01808526594671032, 0.07807837125861766, 0.02125668792336856, 0.1664079092992984, 0.1971776422384933, 0.07446796039519915, 0.10333289644470173, 0.2229220775301442]
ind_hd95s: [2.8284270763397217, 1.0, 1.4142135381698608, 25.3137149810791, 1.0, 1.4142135381698608, 4.242640495300293, 7.071067810058594, 2.2360680103302, 1.4142135381698608, 1.0, 1.0, 7.814535140991211, 1.0, 5.0, 1.4142135381698608, 2.2360680103302, 28.04267120361328, 2.0, 6.282077312469482, 1.7320507764816284, 1.4142135381698608, 1.0, 2.5063302516937256, 1.4142135381698608, 1.4142135381698608, 1.0, 1.0, 2.0, 5.458813190460205, 4.358899116516113, 1.0, 7.095694065093994, 1.0, 1.0, 1.7320507764816284, 3.0, 1.7320507764816284, 1.4142135381698608, 2.0, 1.0, 1.4142135381698608, 3.316624879837036, 6.164413928985596, 1.4142135381698608, 5.389767646789551, 1.0, 1.4142135381698608, 23.2581844329834, 3.0, 1.4142135381698608, 1.0, 1.0, 7.280109882354736, 4.242640495300293, 3.61916184425354, 7.532772541046143, 1.4142135381698608, 8.70053482055664, 2.4494898319244385, 1.4142135381698608, 1.0, 1.0, 1.4142135381698608, 1.0, 1.0, 1.0, 1.0, 2.0, 11.080343246459961, 1.4142135381698608, 16.76305389404297, 1.4142135381698608, 1.4142135381698608, 1.0, 1.0, 1.0, 1.0, 17.35511016845703, 6.480740547180176, 11.664043426513672, 3.7416574954986572, 12.230969429016113, 1.0, 1.4142135381698608, 4.898979663848877, 1.4142135381698608, 7.141428470611572, 5.099019527435303, 5.385164737701416, 2.0, 1.0, 1.0, 1.0, 1.0, 3.0, 17.0, 10.427803993225098, 6.164413928985596, 1.0, 1.0, 19.235383987426758, 1.4142135381698608, 5.5189008712768555, 1.0, 3.0, 12.884099006652832, 21.283796310424805, 1.4142135381698608, 2.8284270763397217]
ind_dices: [0.7226462960243225, 0.8755878806114197, 0.7791441082954407, 0.512499988079071, 0.8515676259994507, 0.7794792056083679, 0.688054621219635, 0.6617100238800049, 0.6921296119689941, 0.7672701478004456, 0.830022394657135, 0.8639799952507019, 0.5814138054847717, 0.9015183448791504, 0.692328691482544, 0.7989051938056946, 0.7045454382896423, 0.22251655161380768, 0.7192556858062744, 0.604651153087616, 0.7281445860862732, 0.8000692129135132, 0.8545445203781128, 0.670487105846405, 0.7065247297286987, 0.7306737899780273, 0.8230209946632385, 0.8896064162254333, 0.6523489952087402, 0.6107382774353027, 0.6907317042350769, 0.8313032984733582, 0.5440758466720581, 0.8431532979011536, 0.8452996015548706, 0.7909447550773621, 0.694471001625061, 0.7408146858215332, 0.8212981820106506, 0.7181418538093567, 0.8590323328971863, 0.7685094475746155, 0.6906187534332275, 0.5767441987991333, 0.786236584186554, 0.688691258430481, 0.8705291152000427, 0.7832522988319397, 0.5266362428665161, 0.8324926495552063, 0.8006706237792969, 0.895592212677002, 0.916692316532135, 0.6430445909500122, 0.7869346737861633, 0.6787564754486084, 0.6846944093704224, 0.8069307208061218, 0.7976190447807312, 0.7702702879905701, 0.8558467030525208, 0.8902163505554199, 0.8823529481887817, 0.7922155857086182, 0.855510413646698, 0.867300271987915, 0.8768979907035828, 0.9019113779067993, 0.750730574131012, 0.6635802388191223, 0.7414255738258362, 0.37285149097442627, 0.8304128646850586, 0.821574330329895, 0.8619463443756104, 0.8896832466125488, 0.9004002213478088, 0.8799472451210022, 0.7961804270744324, 0.7805755138397217, 0.6444043517112732, 0.7233631014823914, 0.6133333444595337, 0.8713085651397705, 0.8069247007369995, 0.7567030787467957, 0.793048620223999, 0.737352728843689, 0.7099912166595459, 0.8213997483253479, 0.8680996894836426, 0.9108495116233826, 0.9127873182296753, 0.8043363690376282, 0.8715683817863464, 0.7431825995445251, 0.5974178314208984, 0.7092546820640564, 0.6729038953781128, 0.8329837918281555, 0.8318681120872498, 0.4208754301071167, 0.8145759701728821, 0.7510204315185547, 0.8976895213127136, 0.75620436668396, 0.5675675868988037, 0.5032680034637451, 0.8620254993438721, 0.8135466575622559]
ind_avds: [23.31406593322754, 0.14816752076148987, 19.151994705200195, 22.87822914123535, 9.172207832336426, 13.901886940002441, 8.246073722839355, 18.8552188873291, 16.69024085998535, 36.84062194824219, 8.560845375061035, 0.5654073357582092, 44.37577438354492, 0.9918498992919922, 29.310344696044922, 16.127023696899414, 45.3237419128418, 82.94573974609375, 25.959779739379883, 11.678832054138184, 39.2762565612793, 25.37754249572754, 5.185627460479736, 0.9505703449249268, 30.66750717163086, 48.76543045043945, 10.938470840454102, 8.363299369812012, 1.8970190286636353, 2.9752066135406494, 15.978455543518066, 22.142051696777344, 43.47180938720703, 23.431440353393555, 13.68653392791748, 11.70013427734375, 19.9915828704834, 4.603979587554932, 28.34645652770996, 34.03525924682617, 19.123903274536133, 37.09927749633789, 14.67595100402832, 21.823204040527344, 3.5901925563812256, 25.240562438964844, 16.85897445678711, 6.4310150146484375, 41.68674850463867, 0.16799664497375488, 18.566774368286133, 9.044801712036133, 5.615381717681885, 53.15614700317383, 4.901960849761963, 29.20353889465332, 31.44940757751465, 1.663893461227417, 10.526315689086914, 44.72441101074219, 11.043248176574707, 12.487135887145996, 8.095586776733398, 14.790996551513672, 2.937387228012085, 10.31981086730957, 16.837919235229492, 11.349512100219727, 31.372549057006836, 1.2422360181808472, 32.04152297973633, 314.64215087890625, 24.370540618896484, 17.708663940429688, 4.232365131378174, 0.24970866739749908, 8.415257453918457, 0.29727497696876526, 4.37415885925293, 3.301886796951294, 40.918880462646484, 13.726372718811035, 24.90272331237793, 1.827040195465088, 10.983743667602539, 2.6264209747314453, 5.125815391540527, 1.7857142686843872, 41.82414245605469, 11.176040649414062, 11.717291831970215, 0.9886691570281982, 5.50438117980957, 1.7773051261901855, 12.154975891113281, 49.04362869262695, 60.949462890625, 0.16366611421108246, 8.080110549926758, 8.424399375915527, 5.180903434753418, 153.57142639160156, 9.403810501098633, 3.6072144508361816, 1.7246294021606445, 24.100326538085938, 43.82207489013672, 31.868131637573242, 13.931920051574707, 27.099624633789062]
ueos: [0.0014087815070524812, 0.09836838394403458, 0.1925804764032364, 0.2552105188369751, 0.3009788393974304, 0.33559197187423706, 0.3634323179721832, 0.3865850865840912, 0.4058350622653961, 0.4205470681190491, 0.4302006661891937, 0.43363383412361145, 0.4283663332462311, 0.40165963768959045, 0.29442277550697327, 0.0800170749425888, 0.03386358916759491, 0.019627559930086136, 0.012583067640662193, 0.008126631379127502, 0.004972586873918772, 0.0022815263364464045]
mean_FN_coverage: [0.7136570811271667, 0.7014408707618713, 0.6792239546775818, 0.6575127243995667, 0.6335299611091614, 0.6097207069396973, 0.5863431692123413, 0.5627038478851318, 0.5335596799850464, 0.5012045502662659, 0.46729013323783875, 0.4253251850605011, 0.37450793385505676, 0.30655544996261597, 0.1822376847267151, 0.03464135900139809, 0.010578578338027, 0.005947282537817955, 0.003461643122136593, 0.0024143648333847523, 0.0012520459713414311, 0.0005469536990858614]
size_entirely_missed_lesions: [nan, 3.675675630569458, 3.678899049758911, 3.355191230773926, 3.385826826095581, 3.743975877761841, 3.643765926361084, 3.606593370437622, 3.5231659412384033, 3.5536627769470215, 3.6045801639556885, 3.6410255432128906, 3.6438026428222656, 3.659041404724121, 3.690074920654297, 3.832561731338501, 3.8782286643981934, 3.8770132064819336, 3.9010908603668213, 3.9325108528137207, 3.9471397399902344, 3.9898698329925537]
mean_missed_lesion_coverage: [1.0, 0.949329674243927, 0.8630859851837158, 0.7838101387023926, 0.7056047320365906, 0.6323450207710266, 0.5682373642921448, 0.5117121934890747, 0.452114462852478, 0.3917517066001892, 0.33802250027656555, 0.2833191454410553, 0.22791247069835663, 0.17707878351211548, 0.10683482885360718, 0.027621552348136902, 0.010197792202234268, 0.005390329286456108, 0.001776039833202958, 0.0013198821106925607, 0.00016211593174375594, 6.025548645993695e-05]
prop_entirely_missed: [0.0, 0.006029986776411533, 0.0177640151232481, 0.029823988676071167, 0.041395045816898346, 0.05410690978169441, 0.06404823809862137, 0.07415254414081573, 0.08441981673240662, 0.09566492587327957, 0.10674706846475601, 0.12076271325349808, 0.135430246591568, 0.14960886538028717, 0.17405475676059723, 0.21121251583099365, 0.22082790732383728, 0.22262060642242432, 0.22408735752105713, 0.22457626461982727, 0.2250651866197586, 0.22522816061973572]
