bras: 0.898404282828172
ece: 0.08786063265322433
dice: 0.7599999904632568
f1: 0.6899999976158142
avd: 21.639999389648438
hd95: 4.28000020980835
recall: 0.6600000262260437
max ueo: 0.43363383412361145
undetected clusters at max ueo: 0.12076271325349808
confidences: [           nan 9.43969819e-04 7.46289268e-02 1.29328415e-01
 1.82756051e-01 2.35715136e-01 2.88770437e-01 3.41673702e-01
 3.94269049e-01 4.46963310e-01 4.99898076e-01 5.52644968e-01
 6.05442941e-01 6.58264160e-01 7.10685015e-01 7.63702452e-01
 8.16755354e-01 8.69959235e-01 9.24062729e-01 9.80322957e-01]
accuracies: [           nan 6.08290716e-05 5.76161804e-02 9.99256165e-02
 1.40891038e-01 1.81590739e-01 2.14062802e-01 2.58557419e-01
 2.90958202e-01 3.29315621e-01 3.72049139e-01 4.15319719e-01
 4.62008114e-01 5.10439273e-01 5.63178643e-01 6.29268745e-01
 6.91165212e-01 7.68189378e-01 8.59109463e-01 9.63728732e-01]
