confidences: [       nan 0.0035874  0.07399329 0.12924531 0.18272159 0.23569949
 0.28878468 0.341571   0.39434561 0.44722018 0.49981076 0.5525018
 0.60533416 0.65802854 0.71090901 0.76367998 0.81683278 0.86991167
 0.92393953 0.98174924]
accuracies: [           nan 5.55633651e-05 5.01217758e-02 9.86787020e-02
 1.43013853e-01 1.84668916e-01 2.34477082e-01 2.76038719e-01
 3.20119721e-01 3.62708489e-01 4.05952069e-01 4.50662456e-01
 5.02899397e-01 5.51244723e-01 6.06214572e-01 6.62788152e-01
 7.31933504e-01 7.98553906e-01 8.84231908e-01 9.75677141e-01]
ind_eces: [0.026522801496501727, 0.060598099532126, 0.11143448912112713, 0.12309754134402892, 0.09473916471133376, 0.09653751471227358, 0.10089486110774815, 0.0511204331654983, 0.031145770994372372, 0.16913379385771138, 0.10379416967152096, 0.0171938889451556, 0.10098761197566317, 0.04528302918909566, 0.08542344266410944, 0.14651911515789814, 0.2246383787624056, 0.07821053305008169, 0.12549405930523166, 0.045848610859311356, 0.2074363794230958, 0.1642602227069346, 0.02056458140175801, 0.08726861154860467, 0.18044117949473049, 0.19142607847955556, 0.12432501610367765, 0.07769901269952001, 0.10314807067637358, 0.11717392805306609, 0.032375799022128345, 0.11727003263355387, 0.02808420471916446, 0.16683908511996037, 0.12198942039617133, 0.12205334808542173, 0.15019640531422473, 0.036318638229718196, 0.2425635153752998, 0.14478603630049525, 0.15580207705735308, 0.17914142172910863, 0.10743432144408789, 0.13101172331777736, 0.07789325122812, 0.025073595889049755, 0.11648596312302947, 0.06843778138315161, 0.08230121800622757, 0.04790259424893054, 0.043441773271928094, 0.06759410916581848, 0.027789781434633263, 0.18369005055958523, 0.055429929913417914, 0.02992259028986381, 0.04019434889568937, 0.031294998628124016, 0.053124325427477095, 0.18107438270421744, 0.09468550317438383, 0.11167504147333565, 0.06578113858197093, 0.11693697289114417, 0.030738162350555882, 0.1034536175027473, 0.15224484563439145, 0.13261111717870325, 0.09499744723140408, 0.09907617718582301, 0.1067815007835351, 0.3859701588911661, 0.1663118422924286, 0.1335389917025596, 0.0379022790558583, 0.045495965775022455, 0.10015214986996725, 0.03290312148185779, 0.07906738890871091, 0.09559745489254302, 0.01608355085606057, 0.025883983630514962, 0.1499549709183479, 0.03281510609061636, 0.04957777005922434, 0.03241136836797006, 0.03691171863745049, 0.13425624957991636, 0.18287562898790213, 0.17786664343635264, 0.06622871079818088, 0.025169964282116188, 0.057345416613658565, 0.01805011491789234, 0.11171983291986759, 0.24685577302398753, 0.2429271423128039, 0.06222765754012268, 0.0708380276907497, 0.06819620297424477, 0.019663747367940937, 0.25858948889814115, 0.02288229528923953, 0.0691123157759251, 0.023497769257322217, 0.15121471311517654, 0.2644845531600547, 0.11072630134392807, 0.12418398157362123, 0.23445309812638251]
ind_hd95s: [2.2360680103302, 1.0, 1.4142135381698608, 38.262245178222656, 1.0, 1.4142135381698608, 4.4721360206604, 7.071067810058594, 2.2360680103302, 1.4142135381698608, 1.0, 1.0, 10.049875259399414, 1.0, 3.7416574954986572, 1.4142135381698608, 2.2360680103302, 27.817148208618164, 2.0, 6.898770332336426, 1.4142135381698608, 1.4142135381698608, 1.0, 2.85416316986084, 1.4142135381698608, 1.4142135381698608, 1.0, 1.0, 1.4142135381698608, 4.235450744628906, 4.218733787536621, 1.0, 7.348469257354736, 1.0, 1.0, 1.4142135381698608, 3.0, 1.4142135381698608, 1.4142135381698608, 1.4142135381698608, 1.0, 1.4142135381698608, 3.605551242828369, 4.565578937530518, 1.4142135381698608, 3.612356662750244, 1.0, 1.4142135381698608, 22.768342971801758, 2.2360680103302, 1.4142135381698608, 1.0, 1.0, 11.445523262023926, 3.1622776985168457, 7.841628551483154, 5.74456262588501, 1.4142135381698608, 8.602325439453125, 1.7320507764816284, 1.4142135381698608, 1.0, 1.0, 1.4142135381698608, 1.0, 1.0, 1.0, 1.0, 1.4142135381698608, 9.898380279541016, 1.4142135381698608, 16.124515533447266, 1.0, 1.7320507764816284, 1.0, 1.0, 1.0, 1.0, 17.303163528442383, 4.206779956817627, 11.224971771240234, 3.605551242828369, 16.370677947998047, 1.0, 1.4142135381698608, 2.2360680103302, 2.4494898319244385, 11.653154373168945, 6.164413928985596, 7.681145668029785, 2.0, 1.0, 1.0, 1.4142135381698608, 1.0, 3.7416574954986572, 11.528210639953613, 8.215667724609375, 4.358899116516113, 1.0, 1.0, 21.418081283569336, 1.4142135381698608, 3.331071138381958, 1.0, 3.316624879837036, 13.638181686401367, 22.266481399536133, 1.4142135381698608, 3.1622776985168457]
ind_dices: [0.7342657446861267, 0.8722517490386963, 0.8014804720878601, 0.5107296109199524, 0.85201495885849, 0.7898236513137817, 0.6783625483512878, 0.6774193644523621, 0.6907520294189453, 0.7841818928718567, 0.8227272629737854, 0.862773060798645, 0.5936739444732666, 0.8932833671569824, 0.6881960034370422, 0.8009206056594849, 0.6939849853515625, 0.2752525210380554, 0.7237452268600464, 0.6134454011917114, 0.7417168617248535, 0.8199621438980103, 0.8465877175331116, 0.6879921555519104, 0.7099195718765259, 0.7736659049987793, 0.827686071395874, 0.8908871412277222, 0.6801075339317322, 0.6344262361526489, 0.6983184814453125, 0.8461295366287231, 0.5571955442428589, 0.8584089279174805, 0.850835919380188, 0.8010739088058472, 0.7066588997840881, 0.7546786069869995, 0.8029974102973938, 0.7323818206787109, 0.8684642314910889, 0.7981263399124146, 0.72675621509552, 0.6404199600219727, 0.786295473575592, 0.7228417992591858, 0.8840953707695007, 0.7944890856742859, 0.5871056318283081, 0.84514319896698, 0.8032178282737732, 0.8997843265533447, 0.9200483560562134, 0.6512889862060547, 0.776985764503479, 0.6266318559646606, 0.7194244861602783, 0.8164966106414795, 0.7921169996261597, 0.8209366202354431, 0.8545340299606323, 0.8943834900856018, 0.8980783224105835, 0.8139885663986206, 0.8654916882514954, 0.8826406002044678, 0.8867797255516052, 0.9056470990180969, 0.7781888246536255, 0.6521061062812805, 0.767650842666626, 0.4487316906452179, 0.843742311000824, 0.8130964636802673, 0.8667010068893433, 0.8900602459907532, 0.8957921266555786, 0.8757337927818298, 0.8088679909706116, 0.7857142686843872, 0.6840626001358032, 0.7007411122322083, 0.49653807282447815, 0.8661988973617554, 0.7748267650604248, 0.7710325717926025, 0.8099733591079712, 0.6722580790519714, 0.6903194189071655, 0.7985912561416626, 0.8660017251968384, 0.9112111926078796, 0.9022773504257202, 0.8110147714614868, 0.8748043775558472, 0.7406442761421204, 0.6180257797241211, 0.7272727489471436, 0.663551390171051, 0.8397899270057678, 0.840312123298645, 0.5106382966041565, 0.8192926049232483, 0.7812177538871765, 0.8950520753860474, 0.7645573019981384, 0.5151175856590271, 0.44317251443862915, 0.8505811095237732, 0.7903595566749573]
ind_avds: [16.31342315673828, 3.9613020420074463, 13.582465171813965, 28.044281005859375, 8.254987716674805, 8.845282554626465, 1.4397906064987183, 12.121212005615234, 19.908061981201172, 26.600845336914062, 11.277267456054688, 1.7604728937149048, 47.58961868286133, 1.014916181564331, 32.61882400512695, 16.438356399536133, 39.20863342285156, 77.20930480957031, 16.72760581970215, 26.277372360229492, 34.42189025878906, 17.966007232666016, 4.13058614730835, 6.844106674194336, 34.88665008544922, 32.241214752197266, 14.605344772338867, 6.397169589996338, 1.6260162591934204, 1.6528925895690918, 18.491920471191406, 14.092446327209473, 39.16913986206055, 18.822723388671875, 11.258277893066406, 9.42436408996582, 16.79292869567871, 8.193523406982422, 34.87725830078125, 19.588638305664062, 14.723477363586426, 26.29265785217285, 7.391537189483643, 10.497237205505371, 4.46584939956665, 20.799407958984375, 10.993589401245117, 1.3683010339736938, 24.33734893798828, 4.997900009155273, 2.605863094329834, 9.61236572265625, 0.26456013321876526, 44.85049819946289, 7.450980186462402, 30.530973434448242, 22.60711097717285, 7.01608419418335, 2.8822054862976074, 28.66141700744629, 9.70617389678955, 9.502573013305664, 0.4876859188079834, 13.311897277832031, 3.3625354766845703, 5.892804145812988, 13.026185035705566, 10.150932312011719, 10.17579460144043, 0.9316770434379578, 15.640138626098633, 223.2358856201172, 19.03864288330078, 16.153602600097656, 1.5560165643692017, 1.032129168510437, 11.226897239685059, 0.24772915244102478, 0.3364737629890442, 1.4150943756103516, 21.17731475830078, 23.897390365600586, 3.3073930740356445, 8.224580764770508, 19.508129119873047, 0.8232066035270691, 7.5023298263549805, 12.912087440490723, 34.24604797363281, 21.23204231262207, 12.005769729614258, 1.3830260038375854, 7.953269004821777, 10.785356521606445, 10.35705280303955, 47.517730712890625, 49.77029037475586, 7.364975452423096, 7.872928142547607, 0.5364593863487244, 5.202311992645264, 93.75, 8.850645065307617, 5.8116230964660645, 3.6844356060028076, 21.22410011291504, 94.23394012451172, 32.0054931640625, 17.611087799072266, 30.810911178588867]
ueos: [0.0013544111279770732, 0.002339725149795413, 0.008474423550069332, 0.1796465814113617, 0.26157042384147644, 0.3076847195625305, 0.34342384338378906, 0.37162458896636963, 0.394265353679657, 0.41240057349205017, 0.42607131600379944, 0.43369215726852417, 0.4314754903316498, 0.4073927104473114, 0.27461251616477966, 0.05470108613371849, 0.02055024914443493, 0.01183021068572998, 0.007458487991243601, 0.005022997967898846, 0.0028378237038850784, 0.0011756711173802614]
mean_FN_coverage: [0.7239243984222412, 0.7239198684692383, 0.7198618650436401, 0.6984224319458008, 0.6750297546386719, 0.6531827449798584, 0.6285091042518616, 0.6004209518432617, 0.5742617845535278, 0.5437798500061035, 0.5063592791557312, 0.4610796272754669, 0.40441060066223145, 0.32830876111984253, 0.16256234049797058, 0.02082948200404644, 0.005357985384762287, 0.0029907457064837217, 0.0018474257085472345, 0.001564106554724276, 0.001131892786361277, 0.00035822822246700525]
size_entirely_missed_lesions: [nan, nan, 2.0, 4.833333492279053, 3.950000047683716, 3.6244542598724365, 3.4693877696990967, 3.476583957672119, 3.430875539779663, 3.5337424278259277, 3.5888688564300537, 3.5612401962280273, 3.6666667461395264, 3.6986794471740723, 3.635728597640991, 3.78810715675354, 3.940446615219116, 3.9439406394958496, 3.9407408237457275, 3.9407408237457275, 3.939967155456543, 3.93837308883667]
mean_missed_lesion_coverage: [1.0, 1.0, 0.9821261763572693, 0.8864920735359192, 0.7911925911903381, 0.7103225588798523, 0.6304287314414978, 0.5482582449913025, 0.4863235056400299, 0.424368679523468, 0.36424505710601807, 0.2972002923488617, 0.23810474574565887, 0.17563949525356293, 0.08168726414442062, 0.009116332978010178, 0.004327581729739904, 0.0030128732323646545, 0.0013694878434762359, 0.0013694878434762359, 0.00041084634722210467, 0.0]
prop_entirely_missed: [0.0, 0.0, 0.0009778357343748212, 0.012711863964796066, 0.02607562020421028, 0.03732072934508324, 0.04791394993662834, 0.059159062802791595, 0.07073011994361877, 0.07969360798597336, 0.0907757505774498, 0.10511734336614609, 0.119784876704216, 0.13575619459152222, 0.163298562169075, 0.194589301943779, 0.19703389704227448, 0.19768579304218292, 0.19801174104213715, 0.19801174104213715, 0.19817470014095306, 0.19833767414093018]
