bras: 0.8779269357522328
ece: 0.06525396660838631
dice: 0.7599999904632568
f1: 0.7099999785423279
avd: 18.40999984741211
hd95: 4.380000114440918
recall: 0.699999988079071
max ueo: 0.43369215726852417
undetected clusters at max ueo: 0.10511734336614609
confidences: [       nan 0.0035874  0.07399329 0.12924531 0.18272159 0.23569949
 0.28878468 0.341571   0.39434561 0.44722018 0.49981076 0.5525018
 0.60533416 0.65802854 0.71090901 0.76367998 0.81683278 0.86991167
 0.92393953 0.98174924]
accuracies: [           nan 5.55633651e-05 5.01217758e-02 9.86787020e-02
 1.43013853e-01 1.84668916e-01 2.34477082e-01 2.76038719e-01
 3.20119721e-01 3.62708489e-01 4.05952069e-01 4.50662456e-01
 5.02899397e-01 5.51244723e-01 6.06214572e-01 6.62788152e-01
 7.31933504e-01 7.98553906e-01 8.84231908e-01 9.75677141e-01]
