confidences: [           nan 1.29794569e-06 7.59241506e-02 1.30181029e-01
 1.83352694e-01 2.36231178e-01 2.89758593e-01 3.41557711e-01
 3.94136429e-01 4.47128862e-01 5.00118613e-01 5.52610755e-01
 6.05764687e-01 6.57889187e-01 7.10720658e-01 7.63437688e-01
 8.16694140e-01 8.70341301e-01 9.24215972e-01 9.95920897e-01]
accuracies: [           nan 2.99513107e-04 2.93346008e-01 2.86191199e-01
 2.94092648e-01 2.99046663e-01 2.98499166e-01 3.13882064e-01
 2.97498310e-01 2.97278437e-01 3.06826179e-01 3.22709163e-01
 3.34380893e-01 3.17958180e-01 3.14845024e-01 3.10380267e-01
 3.24425887e-01 3.28017511e-01 3.34779180e-01 4.06160160e-01]
ind_eces: [0.27100834170861965, 0.2103357852655146, 0.34143318617050356, 0.361923096318318, 0.3444511486044669, 0.31411163999962016, 0.35685488042590113, 0.42089702662709083, 0.24981749352756363, 0.38482055299488244, 0.3215001966744597, 0.22099139267189907, 0.33375924741042595, 0.24033546896559535, 0.21882869548497422, 0.3718664344284621, 0.42541653804289586, 0.26451873708109114, 0.3461051254950875, 0.35383201357198496, 0.43557127967985765, 0.30259674562545746, 0.19063005695129054, 0.3713458353353342, 0.37622877641573693, 0.3798221580511401, 0.34708972789102854, 0.2620656369732953, 0.405532184090923, 0.4325329145523904, 0.286646539407103, 0.3828928387714838, 0.37984432271466845, 0.37817591771378145, 0.3339456579116437, 0.3149399666954446, 0.3369974612101346, 0.3060239051275121, 0.39565093999598183, 0.407317335300793, 0.25513825591670003, 0.40223088053627154, 0.3405699736056239, 0.37989046298329243, 0.3622309795771456, 0.2833171113034665, 0.3961637450467521, 0.29047608085767007, 0.4068975557443497, 0.3247987509018787, 0.35227311315177207, 0.17749815164576985, 0.16817968220799412, nan, 0.3405480341129122, 0.29747293872135777, 0.2768322983282789, 0.2547210468950153, 0.22046550986019076, 0.34930300595530767, 0.20881230729452313, 0.23622729810199125, 0.19156049402791644, 0.29377984270518476, 0.2352625647433536, 0.2755382837944657, 0.29181866485505537, 0.2784729068028183, 0.2692671262690156, nan, 0.2776310650050557, 0.36404627452487137, 0.3280177943189717, 0.3868454103962367, 0.17644748880225022, 0.24049964606205634, 0.22238688705949064, 0.20468545498760526, 0.33924187641327797, 0.29641990271039337, 0.33241576439744747, 0.3236971775800006, 0.32880148182688157, 0.181087382562472, 0.22738189859653335, 0.21797525200662973, 0.34516707127589974, 0.3208961620512668, 0.32309954652092765, 0.3127404270073484, 0.2107936496507216, 0.19346816447824455, 0.19880257935853773, 0.21871181394699016, 0.27095935200817833, 0.39562725149978967, 0.46398278167544393, 0.4079270285788312, 0.2811215428569919, 0.28100582621890857, 0.30649049007227114, 0.44558087976689387, 0.30681814591745216, 0.40467378475407717, 0.22283260041767072, 0.32711987369561, 0.4358151471870111, 0.3698055011613446, 0.1646431000094558, 0.3054256210779392]
ind_hd95s: [4.4721360206604, 1.0, 2.0, 25.83776092529297, 2.0, 1.7320507764816284, 20.51828384399414, 2.2360680103302, 1.4142135381698608, 2.2360680103302, 1.4142135381698608, 1.0, 10.816654205322266, 1.0, 4.123105525970459, 5.004951000213623, 4.043087005615234, 7.348469257354736, 3.0, 5.0227580070495605, 6.1410932540893555, 1.4142135381698608, 1.0, 3.605551242828369, 2.2360680103302, 2.2360680103302, 1.4142135381698608, 1.0, 6.6629743576049805, 4.582575798034668, 2.8284270763397217, 1.4142135381698608, 6.4031243324279785, 1.4142135381698608, 1.2485281229019165, 5.099019527435303, 3.0, 4.123105525970459, 2.0, 3.0, 1.0, 3.0, 2.8284270763397217, 5.74456262588501, 2.0, 4.123105525970459, 1.4142135381698608, 1.4142135381698608, 21.44289779663086, 3.1622776985168457, 1.4142135381698608, 1.4142135381698608, 1.0, 9.444551467895508, 4.636495590209961, 3.0, 4.60410213470459, 1.4142135381698608, 8.66025447845459, 1.4142135381698608, 1.0, 1.0, 1.0, 1.4142135381698608, 1.4142135381698608, 1.4142135381698608, 1.0, 1.0, 2.2360680103302, 9.979874610900879, 1.7320507764816284, 15.490250587463379, 1.4142135381698608, 1.7320507764816284, 1.0, 1.0, 1.4142135381698608, 1.4142135381698608, 17.029386520385742, 5.724833965301514, 8.485280990600586, 8.619704246520996, 12.874295234680176, 1.4142135381698608, 1.4142135381698608, 7.6157732009887695, 2.2360680103302, 6.78233003616333, 5.0792155265808105, 4.898979663848877, 3.316624879837036, 1.0, 1.0, 1.4142135381698608, 1.0, 3.7416574954986572, 17.916473388671875, 7.280109882354736, 4.4721360206604, 2.4494898319244385, 1.4142135381698608, 24.726499557495117, 1.4142135381698608, 10.677078247070312, 1.0, 3.0, 18.6279354095459, 14.099469184875488, 1.4142135381698608, 4.582575798034668]
ind_dices: [0.7255011200904846, 0.8589908480644226, 0.7308447957038879, 0.5058139562606812, 0.8080648183822632, 0.7515988945960999, 0.6111111044883728, 0.6640106439590454, 0.695030927658081, 0.7103443145751953, 0.7960205078125, 0.8555143475532532, 0.6252120137214661, 0.8924500346183777, 0.69762122631073, 0.7522522807121277, 0.6034035086631775, 0.5331069827079773, 0.6491519808769226, 0.5947521924972534, 0.6055523157119751, 0.7983809113502502, 0.8358573317527771, 0.6159065365791321, 0.649533748626709, 0.6881040334701538, 0.7849835157394409, 0.8718454837799072, 0.5448392629623413, 0.5089422464370728, 0.6746987700462341, 0.8015144467353821, 0.5074626803398132, 0.8273388147354126, 0.8088603019714355, 0.7472845911979675, 0.6672218441963196, 0.7083473205566406, 0.7570272088050842, 0.6215764880180359, 0.860568642616272, 0.728598952293396, 0.6560402512550354, 0.502529501914978, 0.7306137681007385, 0.7077136039733887, 0.81894451379776, 0.7700020670890808, 0.55678391456604, 0.8030680418014526, 0.7685022950172424, 0.8819602131843567, 0.909343421459198, 0.6033254265785217, 0.7419203519821167, 0.6717892289161682, 0.6926523447036743, 0.7916833162307739, 0.7775810956954956, 0.7889018654823303, 0.8490181565284729, 0.8923269510269165, 0.8814641833305359, 0.7690092325210571, 0.8405538201332092, 0.8662502765655518, 0.8768810033798218, 0.8913500905036926, 0.7408888339996338, 0.6081081032752991, 0.7422680258750916, 0.5700245499610901, 0.8204665780067444, 0.7673435807228088, 0.8563843369483948, 0.8795531988143921, 0.8527072668075562, 0.853768527507782, 0.7577120661735535, 0.7751027345657349, 0.6346025466918945, 0.6504648923873901, 0.629945695400238, 0.8560042381286621, 0.7835409641265869, 0.7713426351547241, 0.7337952256202698, 0.6298568248748779, 0.7106091380119324, 0.7745533585548401, 0.8519044518470764, 0.9009630680084229, 0.8965412378311157, 0.79350346326828, 0.8453737497329712, 0.7150485515594482, 0.38448095321655273, 0.5910652875900269, 0.6620776057243347, 0.7938439249992371, 0.7917927503585815, 0.25418633222579956, 0.7799291014671326, 0.5448570251464844, 0.8909325003623962, 0.7375230193138123, 0.33505821228027344, 0.543711245059967, 0.8558298349380493, 0.7079588770866394]
ind_avds: [30.700063705444336, 6.846210956573486, 37.7650032043457, 53.87453842163086, 32.01100540161133, 36.01509475708008, 68.58638763427734, 53.53535461425781, 22.73691749572754, 52.88199234008789, 27.53464126586914, 6.290156841278076, 18.66501808166504, 4.3902812004089355, 3.727865695953369, 34.9937744140625, 111.78057861328125, 17.364341735839844, 74.8628921508789, 50.36496353149414, 105.20741271972656, 24.402339935302734, 3.742410659790039, 52.18631362915039, 76.88916778564453, 70.22792053222656, 32.8775634765625, 11.437188148498535, 120.32520294189453, 123.47107696533203, 23.518850326538086, 38.21871566772461, 58.456974029541016, 32.16974639892578, 31.705297470092773, 21.847389221191406, 52.693603515625, 32.77409362792969, 54.58545684814453, 93.2419204711914, 9.000266075134277, 55.19648361206055, 55.38296890258789, 127.62430572509766, 38.26620101928711, 13.98963737487793, 36.85897445678711, 22.896236419677734, 39.759037017822266, 10.814784049987793, 32.16612243652344, 8.28402328491211, 4.14725923538208, 79.73422241210938, 9.313725471496582, 1.5486725568771362, 3.4639925956726074, 8.069883346557617, 12.406015396118164, 35.55118179321289, 2.5916144847869873, 5.660377502441406, 1.487442135810852, 23.279743194580078, 1.9196083545684814, 6.233343124389648, 9.987846374511719, 11.097957611083984, 19.84449005126953, 29.81366539001465, 21.522491455078125, 117.96875, 23.939680099487305, 32.84671401977539, 0.7157676219940186, 0.28300315141677856, 18.890090942382812, 1.3707679510116577, 9.421265602111816, 0.8254716992378235, 14.931801795959473, 12.961296081542969, 50.7782096862793, 2.064845323562622, 4.1267194747924805, 8.467267990112305, 45.50326156616211, 68.68132019042969, 39.00886917114258, 35.7681999206543, 2.8593246936798096, 1.283048152923584, 2.965625762939453, 2.9621753692626953, 22.233476638793945, 65.63507080078125, 238.13169860839844, 85.76104736328125, 20.718231201171875, 22.054441452026367, 26.418325424194336, 493.1547546386719, 25.38414192199707, 104.90982055664062, 4.582383155822754, 29.702835083007812, 309.39044189453125, 43.5439567565918, 9.274357795715332, 42.237239837646484]
ueos: [0.0016782681923359632, 0.20438291132450104, 0.17631785571575165, 0.1573932021856308, 0.14150932431221008, 0.1278437077999115, 0.11606799066066742, 0.10498955100774765, 0.09409213811159134, 0.08366337418556213, 0.07328122109174728, 0.062346599996089935, 0.04937329888343811, 0.03342873230576515, 0.0, 0.0, 0.0, 0.0, 0.0, 0.0, 0.0, 0.0]
mean_FN_coverage: [0.6329856514930725, 0.09380339831113815, 0.07652921229600906, 0.06782899051904678, 0.05999794602394104, 0.052852094173431396, 0.04665417969226837, 0.04119380563497543, 0.036022260785102844, 0.03213470056653023, 0.02791665866971016, 0.022605126723647118, 0.01821187511086464, 0.011151879094541073, 0.0, 0.0, 0.0, 0.0, 0.0, 0.0, 0.0, 0.0]
size_entirely_missed_lesions: [nan, 4.41930627822876, 4.419955253601074, 4.408753871917725, 4.400000095367432, 4.399264812469482, 4.3989715576171875, 4.395894527435303, 4.3947367668151855, 4.394602298736572, 4.3940277099609375, 4.392285346984863, 4.395938873291016, 4.3974080085754395, 4.390401363372803, 4.390401363372803, 4.390401363372803, 4.390401363372803, 4.390401363372803, 4.390401363372803, 4.390401363372803, 4.390401363372803]
mean_missed_lesion_coverage: [1.0, 0.022876974195241928, 0.016973435878753662, 0.013722224161028862, 0.011370264925062656, 0.010372516699135303, 0.010193433612585068, 0.009095056913793087, 0.00827639177441597, 0.007517419755458832, 0.007135376334190369, 0.006419043987989426, 0.004822219256311655, 0.002196752466261387, 0.0, 0.0, 0.0, 0.0, 0.0, 0.0, 0.0, 0.0]
prop_entirely_missed: [0.0, 0.21610169112682343, 0.21887223422527313, 0.2196870893239975, 0.22082790732383728, 0.22164276242256165, 0.22180573642253876, 0.2222946584224701, 0.22294653952121735, 0.22343546152114868, 0.2237614095211029, 0.22392438352108002, 0.22473923861980438, 0.2263689637184143, 0.2275097817182541, 0.2275097817182541, 0.2275097817182541, 0.2275097817182541, 0.2275097817182541, 0.2275097817182541, 0.2275097817182541, 0.2275097817182541]
