confidences: [           nan 9.40414611e-04 7.29689524e-02 1.28030896e-01
 1.82005838e-01 2.35276327e-01 2.88170964e-01 3.41012090e-01
 3.93863887e-01 4.46576715e-01 4.99267429e-01 5.52223265e-01
 6.04714870e-01 6.57417238e-01 7.10206866e-01 7.63319612e-01
 8.16581428e-01 8.69690061e-01 9.21743929e-01 9.63194013e-01]
accuracies: [           nan 3.17527153e-05 2.00248481e-03 7.22068125e-03
 1.83103075e-02 4.06104301e-02 7.68306292e-02 1.27756707e-01
 1.99162167e-01 2.93435837e-01 4.12832854e-01 5.30888754e-01
 6.46660628e-01 7.47019257e-01 8.22633557e-01 8.86960178e-01
 9.35399178e-01 9.70527485e-01 9.89056301e-01 9.94920635e-01]
ind_eces: [0.08657102905617925, 0.11397541066806013, 0.1295043773476232, 0.1843848798560735, 0.11986462248291824, 0.11144689020059564, 0.15531803230404126, 0.1774599234053886, 0.07613391009165688, 0.1226009210930276, 0.1315957912164818, 0.1183500473312607, 0.12717476034979203, 0.11769938867985748, 0.08872267935871865, 0.13901952688314484, 0.22087918779330162, 0.08930137040388803, 0.1489373991808224, 0.16256726499882035, 0.1874978215380955, 0.12716626481525456, 0.11219225238751343, 0.15091122883377783, 0.14832554187179714, 0.17270393783273677, 0.12600629138523878, 0.11292715470416133, 0.19152022424105863, 0.17072424839313916, 0.08640970529893702, 0.12673716184331518, 0.13977363768923423, 0.14714112101852173, 0.14878436431698225, 0.12117712759870197, 0.12108708300972307, 0.09837109324519605, 0.17170125146525228, 0.1809393092670496, 0.10457179375217267, 0.158131913674257, 0.12019185754465564, 0.16970568001270225, 0.1384843756432497, 0.10405284843955492, 0.14771326197896364, 0.10978607463673505, 0.12711689706903526, 0.12254506225139147, 0.1449571664714835, 0.14551952580168226, 0.13371152103500428, 0.15340741070093625, 0.12254792925034153, 0.15613673136234618, 0.10969345163725375, 0.12228184451714062, 0.11964665744594744, 0.14734089161236116, 0.13369053043861856, 0.13582348448175688, 0.15128325100143927, 0.13279115126224805, 0.12617666261502272, 0.14421363455973324, 0.1445250084321645, 0.152226571475199, 0.11315225728803988, 0.13205238830066413, 0.12944129446043612, 0.1914889058581174, 0.14056466836772588, 0.14472721292910992, 0.12998789364818172, 0.1428337408614389, 0.16107306349246642, 0.13028126006772142, 0.13975782769596787, 0.15563806090869042, 0.12996700577874187, 0.09815205587916202, 0.12858523995614482, 0.11574824578990849, 0.10032892625046969, 0.10450599473048311, 0.12121781272021862, 0.14747099335820846, 0.1027851824637843, 0.12493115682670933, 0.11882029788189226, 0.12809349990277508, 0.13281315304833952, 0.09786432137912951, 0.13480277584859532, 0.1643489461543227, 0.26218571977214084, 0.150413132975636, 0.09950971698438554, 0.13055923396186553, 0.12453235012964381, 0.29748761565665327, 0.11634200322881133, 0.190058242410858, 0.11773249774930022, 0.10854290206090843, 0.24945608712181574, 0.1313058973791922, 0.12528207695467813, 0.23670724431050427]
ind_hd95s: [3.0, 1.4142135381698608, 2.905634880065918, 25.988265991210938, 1.7320507764816284, 1.4142135381698608, 2.2360680103302, 2.9174234867095947, 1.7320507764816284, 2.8284270763397217, 1.0, 1.0, 9.83349609375, 1.0, 2.4494898319244385, 4.123105525970459, 3.7416574954986572, 12.637195587158203, 2.2360680103302, 24.36298942565918, 4.690415859222412, 2.2360680103302, 1.0, 2.2680811882019043, 2.2360680103302, 2.2360680103302, 1.4142135381698608, 1.0, 7.071067810058594, 6.144001007080078, 3.0, 1.0, 10.72380542755127, 1.4142135381698608, 1.0, 4.582575798034668, 2.4494898319244385, 1.4459972381591797, 2.0, 2.4494898319244385, 1.4142135381698608, 2.0, 3.605551242828369, 4.984847068786621, 2.0708203315734863, 4.598395824432373, 1.0, 1.7320507764816284, 21.44289779663086, 2.4494898319244385, 1.4142135381698608, 2.0, 1.4142135381698608, 7.848504543304443, 8.154695510864258, 6.203716278076172, 4.4721360206604, 1.7320507764816284, 9.219544410705566, 1.4142135381698608, 1.4142135381698608, 1.0, 1.4142135381698608, 1.7320507764816284, 1.4142135381698608, 1.4142135381698608, 1.4142135381698608, 1.0, 2.0944271087646484, 9.808112144470215, 1.4142135381698608, 15.264337539672852, 1.0, 1.4142135381698608, 1.4142135381698608, 1.4142135381698608, 2.2360680103302, 1.4142135381698608, 17.395366668701172, 3.658390760421753, 9.436623573303223, 7.071067810058594, 15.530220985412598, 1.4142135381698608, 2.0, 5.74456262588501, 1.4142135381698608, 9.167871475219727, 4.242640495300293, 4.164942741394043, 3.7416574954986572, 1.4142135381698608, 1.0, 1.4142135381698608, 1.0, 3.0, 18.330303192138672, 14.671333312988281, 5.385164737701416, 1.4142135381698608, 1.0, 26.31957244873047, 2.2360680103302, 12.083045959472656, 1.0, 2.2360680103302, 21.242525100708008, 19.849369049072266, 1.4142135381698608, 5.830951690673828]
ind_dices: [0.7221511006355286, 0.8215184807777405, 0.7302325367927551, 0.48657718300819397, 0.8169257044792175, 0.7646488547325134, 0.6633166074752808, 0.672897219657898, 0.685755729675293, 0.6735082864761353, 0.8050009608268738, 0.8504554629325867, 0.6384857892990112, 0.8909992575645447, 0.6934126019477844, 0.7827321887016296, 0.6234996914863586, 0.49438202381134033, 0.699885904788971, 0.5910543203353882, 0.6720214486122131, 0.8098613619804382, 0.8239369988441467, 0.6644545793533325, 0.6749675869941711, 0.7151514887809753, 0.7925319075584412, 0.8645491003990173, 0.5889447331428528, 0.5679330229759216, 0.6767123341560364, 0.8101240396499634, 0.5604395866394043, 0.8349908590316772, 0.8179038763046265, 0.7692905068397522, 0.6876876950263977, 0.7253885865211487, 0.780884861946106, 0.6755790114402771, 0.8556120991706848, 0.7655057907104492, 0.6929450035095215, 0.5644820332527161, 0.7552845478057861, 0.7067961096763611, 0.8347071409225464, 0.7645123600959778, 0.6148409843444824, 0.7993558645248413, 0.7942546606063843, 0.8568592667579651, 0.8858420252799988, 0.6675786375999451, 0.7040087580680847, 0.6618357300758362, 0.6894164085388184, 0.7751869559288025, 0.7406467795372009, 0.8026315569877625, 0.8411294221878052, 0.8791805505752563, 0.8672268986701965, 0.784019947052002, 0.8180009722709656, 0.8692165017127991, 0.8794887065887451, 0.8973968625068665, 0.7537102103233337, 0.5785381197929382, 0.7408920526504517, 0.6352313160896301, 0.8350274562835693, 0.7868093848228455, 0.8392344117164612, 0.8744057416915894, 0.8034109473228455, 0.836935818195343, 0.7653276920318604, 0.7829224467277527, 0.6491875648498535, 0.6564272046089172, 0.6040744185447693, 0.8473653793334961, 0.7579110264778137, 0.763992190361023, 0.7610970139503479, 0.6706091165542603, 0.7045875191688538, 0.7928704619407654, 0.8386518359184265, 0.8786260485649109, 0.8942083120346069, 0.776792049407959, 0.854569137096405, 0.7488994598388672, 0.44416242837905884, 0.6746647953987122, 0.6490435004234314, 0.8072210550308228, 0.8125633001327515, 0.30830490589141846, 0.7934328317642212, 0.6140691637992859, 0.8792865872383118, 0.7398989796638489, 0.41818180680274963, 0.5490734577178955, 0.8411380648612976, 0.6021457314491272]
ind_avds: [0.642260730266571, 11.33481502532959, 16.313331604003906, 19.926198959350586, 12.42834186553955, 17.93207550048828, 34.4240837097168, 52.18855285644531, 4.8797736167907715, 7.0709919929504395, 20.565235137939453, 1.8054484128952026, 4.079110145568848, 0.02306627668440342, 11.835973739624023, 19.24034881591797, 84.71222686767578, 34.41860580444336, 40.310787200927734, 28.467153549194336, 63.72462463378906, 15.413763999938965, 10.391161918640137, 29.182510375976562, 42.75818634033203, 50.712249755859375, 17.4849796295166, 0.42338475584983826, 69.64769744873047, 56.6942138671875, 3.4111311435699463, 23.607666015625, 16.023738861083984, 24.82318115234375, 25.63465690612793, 6.800535678863525, 24.24242401123047, 3.3164260387420654, 41.824920654296875, 60.08815002441406, 1.4889657497406006, 33.84177780151367, 13.336904525756836, 61.325965881347656, 15.411559104919434, 9.400444030761719, 21.634614944458008, 5.929304599761963, 4.57831335067749, 4.388912200927734, 9.771986961364746, 17.522037506103516, 11.663002967834473, 42.85714340209961, 21.47058868408203, 16.814159393310547, 15.67912483215332, 10.898502349853516, 2.3809523582458496, 21.417322158813477, 5.909541130065918, 4.082332611083984, 11.387466430664062, 6.045016288757324, 12.200464248657227, 0.6366597414016724, 3.9885096549987793, 4.06925106048584, 2.7383368015289307, 0.3105590045452118, 3.2525951862335205, 54.939517974853516, 13.262420654296875, 19.422405242919922, 8.682572364807129, 7.408023834228516, 29.374753952026367, 8.984310150146484, 9.017497062683105, 3.891509532928467, 5.599425792694092, 9.540953636169434, 19.649805068969727, 8.137578964233398, 11.62984561920166, 0.3136025071144104, 11.533084869384766, 32.28022003173828, 2.024681806564331, 9.00900936126709, 10.69064998626709, 7.570539951324463, 7.593799114227295, 6.516785621643066, 13.649024963378906, 44.100582122802734, 162.0214385986328, 31.914894104003906, 1.450276255607605, 12.418041229248047, 11.303789138793945, 323.21429443359375, 5.900430202484131, 57.81563186645508, 3.4064993858337402, 5.125409126281738, 180.5601348876953, 0.13736264407634735, 15.87851619720459, 55.23212814331055]
ueos: [0.0016206878935918212, 0.02926379069685936, 0.03932149335741997, 0.05362599715590477, 0.07244429737329483, 0.09463941305875778, 0.11980437487363815, 0.14767690002918243, 0.17828857898712158, 0.21248376369476318, 0.25182825326919556, 0.29841211438179016, 0.3547751307487488, 0.41557615995407104, 0.0038215615786612034, 2.6236390112899244e-05, 0.0, 0.0, 0.0, 0.0, 0.0, 0.0]
mean_FN_coverage: [0.7234354615211487, 0.6887199878692627, 0.6857295632362366, 0.6822744011878967, 0.679145336151123, 0.6760910153388977, 0.6719600558280945, 0.6664456129074097, 0.6580148935317993, 0.6474849581718445, 0.6316706538200378, 0.6077158451080322, 0.5657563209533691, 0.4745972752571106, 0.0010763953905552626, 0.0, 0.0, 0.0, 0.0, 0.0, 0.0, 0.0]
size_entirely_missed_lesions: [nan, 7.659686088562012, 7.59512186050415, 7.16740083694458, 6.918032646179199, 6.74609375, 6.527472496032715, 6.283276557922363, 6.076452732086182, 5.868715286254883, 5.503580093383789, 5.218107223510742, 4.926229476928711, 4.767175674438477, 4.6202712059021, 4.6202712059021, 4.6202712059021, 4.6202712059021, 4.6202712059021, 4.6202712059021, 4.6202712059021, 4.6202712059021]
mean_missed_lesion_coverage: [1.0, 0.8492965698242188, 0.8371108770370483, 0.8223835825920105, 0.8102234601974487, 0.7978374361991882, 0.7813438177108765, 0.7594258189201355, 0.7289494872093201, 0.6921825408935547, 0.6374949812889099, 0.5621214509010315, 0.4521182179450989, 0.2980875074863434, 0.0, 0.0, 0.0, 0.0, 0.0, 0.0, 0.0, 0.0]
prop_entirely_missed: [0.0, 0.031127771362662315, 0.03340938687324524, 0.03699478507041931, 0.03976532071828842, 0.04172099009156227, 0.04449152573943138, 0.04775097966194153, 0.05329204723238945, 0.058344196528196335, 0.06828552484512329, 0.07920469343662262, 0.09941329807043076, 0.12809647619724274, 0.22832463681697845, 0.22832463681697845, 0.22832463681697845, 0.22832463681697845, 0.22832463681697845, 0.22832463681697845, 0.22832463681697845, 0.22832463681697845]
