bras: 0.7924285481373469
ece: 0.11145070392276997
dice: 0.7400000095367432
f1: 0.6800000071525574
avd: 23.8799991607666
hd95: 4.840000152587891
recall: 0.6899999976158142
max ueo: 0.41557615995407104
undetected clusters at max ueo: 0.12809647619724274
confidences: [           nan 9.40414611e-04 7.29689524e-02 1.28030896e-01
 1.82005838e-01 2.35276327e-01 2.88170964e-01 3.41012090e-01
 3.93863887e-01 4.46576715e-01 4.99267429e-01 5.52223265e-01
 6.04714870e-01 6.57417238e-01 7.10206866e-01 7.63319612e-01
 8.16581428e-01 8.69690061e-01 9.21743929e-01 9.63194013e-01]
accuracies: [           nan 3.17527153e-05 2.00248481e-03 7.22068125e-03
 1.83103075e-02 4.06104301e-02 7.68306292e-02 1.27756707e-01
 1.99162167e-01 2.93435837e-01 4.12832854e-01 5.30888754e-01
 6.46660628e-01 7.47019257e-01 8.22633557e-01 8.86960178e-01
 9.35399178e-01 9.70527485e-01 9.89056301e-01 9.94920635e-01]
