confidences: [           nan 1.81206415e-05 7.61809275e-02 1.29953504e-01
 1.83115900e-01 2.36167297e-01 2.89022207e-01 3.41787696e-01
 3.94522816e-01 4.47083265e-01 4.99912947e-01 5.52707314e-01
 6.05501115e-01 6.58054173e-01 7.11062670e-01 7.63777316e-01
 8.16760838e-01 8.69844973e-01 9.23797429e-01 9.89534795e-01]
accuracies: [           nan 1.62080905e-04 9.77718267e-02 1.34124088e-01
 1.66250825e-01 1.91877199e-01 2.21141427e-01 2.46655821e-01
 2.76029999e-01 3.04997187e-01 3.25312699e-01 3.60549209e-01
 3.99461765e-01 4.29056019e-01 4.68699552e-01 5.07347378e-01
 5.58228614e-01 6.25141446e-01 7.05192383e-01 9.27645219e-01]
ind_eces: [0.1722505778719542, 0.10731198944251845, 0.2595528040047529, 0.2821865753505707, 0.2233576293839059, 0.21591237317338902, 0.3279379566486199, 0.2475159030522951, 0.1429221202453715, 0.2799633813318166, 0.22128008949329608, 0.08973116605691728, 0.2169672282082219, 0.09087023447001108, 0.11388284852829066, 0.2582956477670669, 0.355146294721159, 0.10893327707152659, 0.25897333251936705, 0.23369206496024308, 0.3270962885273845, 0.23121803352201553, 0.07794663802513817, 0.2902806235048761, 0.29024350931947485, 0.31227438846672756, 0.22727944881693782, 0.11877627402916814, 0.32514542056418855, 0.3155074468764465, 0.1826408071299993, 0.25226657728996504, 0.29183850369445913, 0.25881569705828983, 0.24980963481198742, 0.22256911310247218, 0.2731456717610992, 0.18206223542812794, 0.3175554417199276, 0.3218025519829415, 0.14722456400444195, 0.27616156496611194, 0.22072107671393904, 0.3178167834237924, 0.1737864574302712, 0.10252895858136529, 0.23385501540748097, 0.16023539371560552, 0.19785934953850526, 0.11081659628215447, 0.19432408735295623, 0.03982811773695214, 0.047203530110290035, 0.2911048042220499, 0.08410060299788291, 0.1612464949640838, 0.14927845840950976, 0.11259279163449881, 0.08763801349637819, 0.22279981096885842, 0.05844110086853084, 0.08389081304233746, 0.018806947976451698, 0.17181004543623823, 0.04777320350213104, 0.12434810125590157, 0.163409084159027, 0.15305893754039065, 0.17404279839348605, 0.18226303360759782, 0.15679445737398362, 0.2794001846189004, 0.20188108794013215, 0.24296607601572223, 0.04216230547984897, 0.03503075885519248, 0.15990789017358017, 0.04383511926229287, 0.15868261266745767, 0.11326789642035862, 0.2086042401634195, 0.169821568469342, 0.20928388006347434, 0.05856430019660546, 0.10035501571027197, 0.1103344460508633, 0.24272858160173538, 0.24806155830424487, 0.22101925392964014, 0.1920641738524616, 0.04876539865983956, 0.053207488853206614, 0.03217424709120837, 0.0830273184966977, 0.19366949088456428, 0.30821387870906614, 0.4052715987926699, 0.30352150230704245, 0.15809892986180069, 0.21228240415067953, 0.20529122426570823, 0.42846442113247896, 0.16986947438845304, 0.3412655283770103, 0.05802776694992547, 0.2069496568740926, 0.4050622188596961, 0.21105240980683238, 0.0653634455471702, 0.27658293810638374]
ind_hd95s: [5.385164737701416, 1.0, 2.2360680103302, 25.36136245727539, 1.4142135381698608, 1.4142135381698608, 24.392621994018555, 4.5328779220581055, 2.2894234657287598, 2.2360680103302, 1.4142135381698608, 1.0, 10.864882469177246, 1.0, 3.7416574954986572, 2.4494898319244385, 5.385164737701416, 7.320995807647705, 2.8284270763397217, 5.725119590759277, 5.0, 2.2360680103302, 1.0, 2.85416316986084, 2.0, 2.0, 1.4142135381698608, 1.0, 4.294956684112549, 5.064362525939941, 3.129822015762329, 1.0, 10.71212387084961, 1.4142135381698608, 1.0, 3.3387463092803955, 3.1622776985168457, 2.0, 2.0, 3.0, 1.0, 2.2360680103302, 3.1622776985168457, 3.605551242828369, 2.0708203315734863, 5.205603122711182, 1.4142135381698608, 1.0, 21.44289779663086, 4.0, 1.6049158573150635, 1.4142135381698608, 1.4142135381698608, 8.129087448120117, 8.83176040649414, 6.785715103149414, 4.123105525970459, 2.0, 8.602325439453125, 1.4142135381698608, 1.0, 1.0, 1.0, 2.2360680103302, 1.0, 2.0, 1.4142135381698608, 1.0, 2.2360680103302, 11.604811668395996, 2.0, 15.376922607421875, 1.4142135381698608, 3.0, 1.4142135381698608, 1.4142135381698608, 1.4142135381698608, 1.4142135381698608, 17.395366668701172, 3.7416574954986572, 9.05538558959961, 9.110433578491211, 13.928388595581055, 1.4142135381698608, 1.4142135381698608, 7.8102498054504395, 2.2360680103302, 6.460655689239502, 5.0, 4.690415859222412, 7.280109882354736, 1.0, 1.0, 1.4142135381698608, 1.0, 3.7416574954986572, 18.601076126098633, 14.645547866821289, 5.0792155265808105, 2.0, 1.0, 23.893495559692383, 2.2360680103302, 11.045360565185547, 1.0, 3.1622776985168457, 19.146732330322266, 12.409673690795898, 1.4142135381698608, 5.385164737701416]
ind_dices: [0.7427891492843628, 0.8676189184188843, 0.7342951893806458, 0.4900849759578705, 0.82148277759552, 0.7665698528289795, 0.6174699068069458, 0.6499999761581421, 0.697310209274292, 0.6852763295173645, 0.8006523847579956, 0.8586132526397705, 0.6059880256652832, 0.8945679664611816, 0.7036599516868591, 0.7673040628433228, 0.596783459186554, 0.525469183921814, 0.6699716448783875, 0.6123076677322388, 0.6332094073295593, 0.8052740693092346, 0.8368815183639526, 0.6391990780830383, 0.6595643758773804, 0.6945979595184326, 0.7850332856178284, 0.8741191625595093, 0.5734639167785645, 0.5396825671195984, 0.6902509331703186, 0.810341477394104, 0.5156431198120117, 0.8270108699798584, 0.8110632300376892, 0.7511045932769775, 0.6648721694946289, 0.7336415648460388, 0.7574701905250549, 0.6436586380004883, 0.8640331029891968, 0.7545126080513, 0.682995080947876, 0.5463138222694397, 0.7640538215637207, 0.7056179642677307, 0.8367661237716675, 0.7817313075065613, 0.5937859416007996, 0.817043662071228, 0.7792255282402039, 0.8812823295593262, 0.9059977531433105, 0.6310432553291321, 0.7351129651069641, 0.6929134130477905, 0.6898763179779053, 0.7984528541564941, 0.7833643555641174, 0.7974553108215332, 0.8496828675270081, 0.8948694467544556, 0.8825278878211975, 0.7821663618087769, 0.8466953635215759, 0.8682834506034851, 0.8765668272972107, 0.8954760432243347, 0.7449874877929688, 0.6138032078742981, 0.740812361240387, 0.6766141057014465, 0.822868287563324, 0.7808066606521606, 0.8540642261505127, 0.8789852261543274, 0.8580119609832764, 0.8551448583602905, 0.7822368144989014, 0.7912992238998413, 0.6464502215385437, 0.6767371892929077, 0.5956416726112366, 0.8555783033370972, 0.7806232571601868, 0.773413896560669, 0.7505435943603516, 0.6659154891967773, 0.7057133913040161, 0.8007360100746155, 0.851845383644104, 0.9007425308227539, 0.9011706113815308, 0.7940266728401184, 0.8455809950828552, 0.7102319002151489, 0.40075188875198364, 0.6443299055099487, 0.6529118418693542, 0.8037534952163696, 0.7987263798713684, 0.27929219603538513, 0.7894437909126282, 0.5739313364028931, 0.8922459483146667, 0.739256739616394, 0.3764705955982208, 0.5717899799346924, 0.8577854037284851, 0.7264447808265686]
ind_avds: [15.992292404174805, 7.159977436065674, 39.09450149536133, 60.516605377197266, 26.71405601501465, 28.649057388305664, 60.73298263549805, 42.42424392700195, 7.708628177642822, 33.09825897216797, 27.109342575073242, 5.994603157043457, 6.4276885986328125, 3.682915687561035, 2.656104326248169, 31.19551658630371, 113.1294937133789, 26.511627197265625, 58.135284423828125, 37.22627639770508, 84.9073257446289, 22.730566024780273, 1.9707375764846802, 46.86311721801758, 65.99496459960938, 66.33428192138672, 30.329397201538086, 11.524185180664062, 104.33604431152344, 81.15702819824219, 18.22262191772461, 33.7316780090332, 56.08308792114258, 32.45494079589844, 30.46357536315918, 18.152610778808594, 50.16835021972656, 19.430355072021484, 52.66326904296875, 88.05093383789062, 8.654613494873047, 43.48500442504883, 29.61971092224121, 92.26519012451172, 21.190893173217773, 2.3686158657073975, 28.75, 14.709236145019531, 9.397590637207031, 0.39899203181266785, 21.86482048034668, 10.90447998046875, 6.599098205566406, 61.12957000732422, 9.019607543945312, 3.3185839653015137, 1.0027347803115845, 0.7487520575523376, 1.8796992301940918, 28.976377487182617, 0.41267743706703186, 4.271011829376221, 3.2187271118164062, 14.9196138381958, 2.344756603240967, 3.90879487991333, 8.02121353149414, 9.662622451782227, 15.821500778198242, 11.490683555603027, 14.671279907226562, 68.54838562011719, 20.43893814086914, 28.181529998779297, 1.6804978847503662, 3.146329164505005, 19.012977600097656, 1.6184971332550049, 4.576043128967285, 0.5896226167678833, 1.2203876972198486, 8.550854682922363, 41.05058288574219, 1.9256423711776733, 2.6469361782073975, 7.604860782623291, 35.74091339111328, 43.81867980957031, 41.650596618652344, 24.95738983154297, 5.973188400268555, 0.28327038884162903, 4.875308990478516, 1.4127297401428223, 19.334009170532227, 65.0762939453125, 207.35069274902344, 54.00981903076172, 7.527624130249023, 20.206636428833008, 21.879682540893555, 422.3214416503906, 16.594959259033203, 85.9719467163086, 2.3802735805511475, 29.9754638671875, 234.10214233398438, 17.170330047607422, 9.661639213562012, 40.450096130371094]
ueos: [0.0015871749492362142, 0.3553600013256073, 0.389455109834671, 0.4098023474216461, 0.42327842116355896, 0.4313613474369049, 0.43623459339141846, 0.43737292289733887, 0.435689777135849, 0.4289429485797882, 0.41673022508621216, 0.39619237184524536, 0.3616098463535309, 0.29607442021369934, 0.0, 0.0, 0.0, 0.0, 0.0, 0.0, 0.0, 0.0]
mean_FN_coverage: [0.6693285703659058, 0.4284943640232086, 0.4071989953517914, 0.3881186842918396, 0.3721582889556885, 0.3559812605381012, 0.3403908312320709, 0.32478034496307373, 0.3056226372718811, 0.28471723198890686, 0.25979575514793396, 0.2312704622745514, 0.19265997409820557, 0.1423306167125702, 0.0, 0.0, 0.0, 0.0, 0.0, 0.0, 0.0, 0.0]
size_entirely_missed_lesions: [nan, 4.301967620849609, 4.324835300445557, 4.328559875488281, 4.3057074546813965, 4.306687355041504, 4.311178207397461, 4.344801902770996, 4.333824634552002, 4.336244583129883, 4.329241752624512, 4.322489261627197, 4.322648048400879, 4.317406177520752, 4.304862022399902, 4.304862022399902, 4.304862022399902, 4.304862022399902, 4.304862022399902, 4.304862022399902, 4.304862022399902, 4.304862022399902]
mean_missed_lesion_coverage: [1.0, 0.15673452615737915, 0.13290812075138092, 0.11116068065166473, 0.09709060937166214, 0.08528502285480499, 0.0755038633942604, 0.06892921030521393, 0.06002633646130562, 0.05271792411804199, 0.04657115414738655, 0.036377910524606705, 0.029080156236886978, 0.018825408071279526, 0.0, 0.0, 0.0, 0.0, 0.0, 0.0, 0.0, 0.0]
prop_entirely_missed: [0.0, 0.19051499664783478, 0.19817470014095306, 0.20485658943653107, 0.20844198763370514, 0.2120273858308792, 0.2157757431268692, 0.21789439022541046, 0.2211538404226303, 0.22392438352108002, 0.22571708261966705, 0.23044328391551971, 0.23386570811271667, 0.23875488340854645, 0.24804432690143585, 0.24804432690143585, 0.24804432690143585, 0.24804432690143585, 0.24804432690143585, 0.24804432690143585, 0.24804432690143585, 0.24804432690143585]
