bras: 0.9620349742472172
ece: 0.13657744501283686
dice: 0.7400000095367432
f1: 0.6499999761581421
avd: 33.2599983215332
hd95: 4.820000171661377
recall: 0.6399999856948853
max ueo: 0.43737292289733887
undetected clusters at max ueo: 0.21789439022541046
confidences: [           nan 1.81206415e-05 7.61809275e-02 1.29953504e-01
 1.83115900e-01 2.36167297e-01 2.89022207e-01 3.41787696e-01
 3.94522816e-01 4.47083265e-01 4.99912947e-01 5.52707314e-01
 6.05501115e-01 6.58054173e-01 7.11062670e-01 7.63777316e-01
 8.16760838e-01 8.69844973e-01 9.23797429e-01 9.89534795e-01]
accuracies: [           nan 1.62080905e-04 9.77718267e-02 1.34124088e-01
 1.66250825e-01 1.91877199e-01 2.21141427e-01 2.46655821e-01
 2.76029999e-01 3.04997187e-01 3.25312699e-01 3.60549209e-01
 3.99461765e-01 4.29056019e-01 4.68699552e-01 5.07347378e-01
 5.58228614e-01 6.25141446e-01 7.05192383e-01 9.27645219e-01]
