confidences: [       nan 0.01500454 0.07245837 0.12785012 0.18170902 0.23531032
 0.2885572  0.3414987  0.39424753 0.44707572 0.49992374 0.55269939
 0.60550934 0.65817767 0.7110337  0.76399857 0.81682247 0.86964142
 0.92195821 0.97566092]
accuracies: [           nan 5.48243050e-06 5.37669757e-04 2.50554431e-03
 6.51306909e-03 1.34631700e-02 2.24911094e-02 3.40898130e-02
 4.99162595e-02 6.74446047e-02 8.73580528e-02 1.05719752e-01
 1.23213370e-01 1.38439644e-01 1.48242692e-01 1.48442525e-01
 1.41919084e-01 1.26011697e-01 7.39365477e-02 5.44048009e-03]
ind_eces: [0.48058835852813886, 0.35169119457615833, 0.47122509285981035, 0.4925434964228125, 0.44260879156438043, 0.44812347550118287, 0.48584992867555, 0.4875515226381553, 0.4724593889218338, 0.4438957720159875, 0.435339077389368, 0.3708054353918664, 0.48684675411387207, 0.36192015406056666, 0.4678762661050041, 0.45673907979208433, 0.4746757516701605, 0.47668379810728, 0.48517360996969905, 0.4935480573162099, 0.4693975237186675, 0.22107488284477736, 0.2780441069254695, 0.4810291732688603, 0.4720799467029066, 0.45989108126180944, 0.43701291085629274, 0.25880090335664396, 0.4903412855997434, 0.4897408348028254, 0.4807142366834856, 0.44218475581119004, 0.4749007987011748, 0.4107033819552737, 0.44441898344354813, 0.45382950097782554, 0.46373153039952364, 0.4487467395073064, 0.44953515028523316, 0.47418742899435057, 0.2527265008735847, 0.43055645081125404, 0.47287085184123295, 0.46928585010772406, 0.265620789043176, 0.4614098992390196, 0.386903522069878, 0.3778536544355752, 0.2254345456046972, 0.4571669245384878, 0.4352626180406573, 0.37619948611285714, 0.24098518647268108, 0.4907790377506019, 0.4772617689775236, 0.490874321687136, 0.4709325389919188, 0.457257054579588, 0.4778601166670629, 0.451996335739574, 0.4254185026584558, 0.34507687857142716, 0.35768697982869696, 0.4810337043069031, 0.3844995106882212, 0.43074775417823624, 0.36721340798826585, 0.3584077688811371, 0.45336121811595853, 0.49045651766331044, 0.47342427739823045, 0.44788277411221233, 0.34413688381557145, 0.4477655478484568, 0.3873925417545684, 0.42970044427354026, 0.3224464193367908, 0.3921405224056422, 0.4656004585884443, 0.481210640288342, 0.4787888751544609, 0.4662697249438284, 0.482813482916804, 0.2998853923394324, 0.416081793667297, 0.28559205964378837, 0.4374510023874702, 0.4759233218452023, 0.4217038159112477, 0.4640848173212868, 0.40283258672688205, 0.3479517978627616, 0.39678777828107226, 0.10539910320874718, 0.42877724029850944, 0.444582140028324, 0.48737981541488423, 0.48490850434736604, 0.47586034589647536, 0.4443605483609115, 0.43825742341018015, 0.49075297281254265, 0.47136006202670344, 0.47599515369680057, 0.3379453178725353, 0.4095288989204097, 0.4877737956819171, 0.4702188267252583, 0.35135283744850515, 0.17649296118147023]
ind_hd95s: [66.48307800292969, 43.600460052490234, 53.916603088378906, 55.686622619628906, 55.578773498535156, 45.96738052368164, 60.074954986572266, 59.46427536010742, 52.50714111328125, 53.3104133605957, 45.486263275146484, 45.530208587646484, 54.6534538269043, 46.73328399658203, 44.94440841674805, 51.71073532104492, 63.639610290527344, 58.36094665527344, 50.5272216796875, 66.21932983398438, 67.8498306274414, 31.02418327331543, 33.42155075073242, 48.96631622314453, 52.383201599121094, 50.96076965332031, 48.22862243652344, 46.73328399658203, 63.356136322021484, 56.73623275756836, 54.18486785888672, 61.49146270751953, 58.53204345703125, 46.054317474365234, 47.93745803833008, 44.1927604675293, 45.650848388671875, 38.28837966918945, 51.90375518798828, 41.89271926879883, 36.36206817626953, 38.02630615234375, 50.28468704223633, 41.18919372558594, 40.31128692626953, 53.87021255493164, 43.54308319091797, 50.08992004394531, 25.573423385620117, 52.64978790283203, 40.755367279052734, 47.0, 48.754486083984375, 55.226806640625, 59.74947738647461, 58.26233673095703, 41.116905212402344, 44.59820556640625, 61.302528381347656, 50.6063232421875, 42.731719970703125, 39.81205749511719, 48.57313919067383, 49.570655822753906, 48.342529296875, 45.27692413330078, 46.086875915527344, 44.988887786865234, 44.24929428100586, 57.41950988769531, 46.19523620605469, 49.73931884765625, 30.149627685546875, 37.0675048828125, 39.306488037109375, 44.02272033691406, 34.36568069458008, 49.80963897705078, 52.4404411315918, 52.81098556518555, 45.923851013183594, 47.021270751953125, 51.43928527832031, 43.47412872314453, 48.84669876098633, 43.279903411865234, 43.23193359375, 40.93898010253906, 38.7033576965332, 46.28174591064453, 42.55584716796875, 31.272991180419922, 55.79426574707031, 2.2360680103302, 41.9761848449707, 59.44367218017578, 46.3249397277832, 49.98999786376953, 51.200096130371094, 44.445472717285156, 50.81289291381836, 59.15657043457031, 46.07602310180664, 36.728736877441406, 37.77565383911133, 39.0128173828125, 56.26721954345703, 35.62302780151367, 48.79549026489258, 23.430749893188477]
ind_dices: [0.02319597266614437, 0.32588306069374084, 0.046387072652578354, 0.004771263804286718, 0.1219034269452095, 0.09967150539159775, 0.019079651683568954, 0.012485108338296413, 0.044577620923519135, 0.12752212584018707, 0.1550203412771225, 0.2940587103366852, 0.015827858820557594, 0.3633073568344116, 0.053498007357120514, 0.1030326709151268, 0.049154702574014664, 0.022590361535549164, 0.021716883406043053, 0.0048021539114415646, 0.06130941957235336, 0.5757806897163391, 0.4654369652271271, 0.026650050655007362, 0.05740439146757126, 0.10852589458227158, 0.1382453888654709, 0.5498033165931702, 0.008067864924669266, 0.011363920755684376, 0.027772966772317886, 0.13998259603977203, 0.033952660858631134, 0.23281832039356232, 0.16722312569618225, 0.10608555376529694, 0.07579077780246735, 0.10488729923963547, 0.14135722815990448, 0.04803068935871124, 0.5578733682632446, 0.18850919604301453, 0.048941876739263535, 0.05043592303991318, 0.3038705885410309, 0.07616806775331497, 0.30471739172935486, 0.24359187483787537, 0.26758939027786255, 0.08806369453668594, 0.1624123454093933, 0.2684333324432373, 0.5323570966720581, 0.0076891640201210976, 0.03500978648662567, 0.006986163556575775, 0.04661132022738457, 0.09935926645994186, 0.033285804092884064, 0.11972356587648392, 0.18657098710536957, 0.41431158781051636, 0.33397477865219116, 0.03551438823342323, 0.23136946558952332, 0.17070859670639038, 0.35410672426223755, 0.371010422706604, 0.10841694474220276, 0.0077291750349104404, 0.04823603481054306, 0.1438910961151123, 0.3601952791213989, 0.12846793234348297, 0.24078238010406494, 0.17362193763256073, 0.3831912875175476, 0.260632187128067, 0.0780148059129715, 0.031592950224876404, 0.037450410425662994, 0.055006399750709534, 0.018685685470700264, 0.4300757944583893, 0.1582263857126236, 0.36198940873146057, 0.10703220218420029, 0.04105805978178978, 0.1796380877494812, 0.0771072581410408, 0.21455739438533783, 0.39152589440345764, 0.26295408606529236, 0.7643160223960876, 0.20754946768283844, 0.14722208678722382, 0.017284639179706573, 0.02100897952914238, 0.03225197270512581, 0.13543058931827545, 0.15071004629135132, 0.01018692646175623, 0.05159731209278107, 0.05234556272625923, 0.369960755109787, 0.22381964325904846, 0.013584224507212639, 0.04811219125986099, 0.2930094003677368, 0.6557011604309082]
ind_avds: [4966.66650390625, 379.8579406738281, 3006.93505859375, 27023.248046875, 1239.3717041015625, 1573.6754150390625, 8361.5185546875, 13931.3134765625, 3434.6181640625, 1322.4918212890625, 1047.4962158203125, 441.28759765625, 9358.9619140625, 326.8799133300781, 2780.66162109375, 1551.369873046875, 3539.478515625, 3506.046630859375, 8285.4658203125, 29895.986328125, 2811.650390625, 128.88827514648438, 191.2113037109375, 5749.52490234375, 3047.103271484375, 1587.749267578125, 1122.622802734375, 149.42001342773438, 18073.169921875, 13006.9423828125, 5501.52587890625, 1146.9222412109375, 4056.2314453125, 570.8419189453125, 965.3145751953125, 1458.634521484375, 2104.54541015625, 1373.507568359375, 1156.53076171875, 3578.599365234375, 140.32171630859375, 832.7042236328125, 3394.0009765625, 2746.68505859375, 406.3047180175781, 2002.072509765625, 444.775634765625, 487.73089599609375, 426.7469787597656, 1873.16259765625, 961.23779296875, 489.010986328125, 153.7094268798828, 21749.169921875, 4258.13720703125, 16077.43359375, 2819.598876953125, 1626.4559326171875, 4897.49365234375, 1435.0, 830.5711669921875, 264.3053283691406, 370.2267761230469, 4993.31201171875, 585.9057006835938, 909.31298828125, 345.3320007324219, 325.74725341796875, 1498.1744384765625, 18202.484375, 3538.823486328125, 1144.0523681640625, 337.8349304199219, 1236.750244140625, 579.6162109375, 879.0577392578125, 268.3641357421875, 519.9669799804688, 2099.66357421875, 5473.5849609375, 3871.428466796875, 2331.4130859375, 7192.41259765625, 228.513427734375, 884.8687133789062, 258.7220764160156, 1040.796875, 3928.43408203125, 763.2857666015625, 2199.902587890625, 645.4691772460938, 285.0310974121094, 511.6603088378906, 29.196414947509766, 737.5158081054688, 1120.2449951171875, 10236.90625, 8166.77587890625, 4553.66015625, 1183.1710205078125, 1049.7752685546875, 17680.05859375, 3259.250244140625, 3211.122314453125, 297.4486999511719, 621.1014404296875, 12582.537109375, 2346.703369140625, 384.7635498046875, 16.743120193481445]
ueos: [0.035540878772735596, 0.034131940454244614, 0.03276636451482773, 0.03430614620447159, 0.05594548210501671, 0.08816738426685333, 0.12201766669750214, 0.15465642511844635, 0.18525756895542145, 0.20829536020755768, 0.22804538905620575, 0.24482135474681854, 0.25966984033584595, 0.2738621234893799, 0.28666770458221436, 0.2961527109146118, 0.3002028167247772, 0.2969251573085785, 0.28255170583724976, 0.24741332232952118, 0.16147483885288239, 0.0568593330681324]
mean_FN_coverage: [0.48370274901390076, 0.48370274901390076, 0.48370274901390076, 0.48370274901390076, 0.48364782333374023, 0.483563631772995, 0.4833434522151947, 0.4822482466697693, 0.48120447993278503, 0.48004212975502014, 0.4784555435180664, 0.4765554666519165, 0.4736650884151459, 0.4683845043182373, 0.4633833169937134, 0.4562142789363861, 0.44646787643432617, 0.4326323866844177, 0.4107235074043274, 0.372878760099411, 0.2852727770805359, 0.12213584035634995]
size_entirely_missed_lesions: [nan, nan, nan, nan, nan, nan, 6.0, 2.4000000953674316, 3.777777671813965, 3.461538553237915, 3.0526316165924072, 3.655172348022461, 3.4594595432281494, 2.8518519401550293, 2.7941176891326904, 3.1086957454681396, 3.175572633743286, 3.0, 2.985849142074585, 3.0824742317199707, 3.1408450603485107, 3.328075647354126]
mean_missed_lesion_coverage: [1.0, 1.0, 1.0, 1.0, 0.9995501637458801, 0.9988754391670227, 0.9971937537193298, 0.9890527725219727, 0.9807830452919006, 0.9718605875968933, 0.9596962332725525, 0.9453195929527283, 0.9245527386665344, 0.8868077993392944, 0.8535127639770508, 0.8048574328422546, 0.7498080730438232, 0.6811074614524841, 0.588779866695404, 0.47065025568008423, 0.28900930285453796, 0.07186978310346603]
prop_entirely_missed: [0.0, 0.0, 0.0, 0.0, 0.0, 0.0, 0.00016297261754516512, 0.0008148631313815713, 0.0014667535433545709, 0.0021186440717428923, 0.0030964796897023916, 0.004726205952465534, 0.006029986776411533, 0.008800521492958069, 0.011082137934863567, 0.01499348133802414, 0.021349413320422173, 0.027053454890847206, 0.034550197422504425, 0.047425031661987305, 0.06942633539438248, 0.10332464426755905]
