bras: 0.19531220694382984
ece: 0.43070770444810597
dice: 0.1599999964237213
f1: 0.5
avd: 3609.070068359375
hd95: 47.400001525878906
recall: 0.8100000023841858
max ueo: 0.3002028167247772
undetected clusters at max ueo: 0.021349413320422173
confidences: [       nan 0.01500454 0.07245837 0.12785012 0.18170902 0.23531032
 0.2885572  0.3414987  0.39424753 0.44707572 0.49992374 0.55269939
 0.60550934 0.65817767 0.7110337  0.76399857 0.81682247 0.86964142
 0.92195821 0.97566092]
accuracies: [           nan 5.48243050e-06 5.37669757e-04 2.50554431e-03
 6.51306909e-03 1.34631700e-02 2.24911094e-02 3.40898130e-02
 4.99162595e-02 6.74446047e-02 8.73580528e-02 1.05719752e-01
 1.23213370e-01 1.38439644e-01 1.48242692e-01 1.48442525e-01
 1.41919084e-01 1.26011697e-01 7.39365477e-02 5.44048009e-03]
