confidences: [       nan 0.00535827 0.07404223 0.12918153 0.18284766 0.2358271
 0.28867298 0.34143406 0.39440578 0.44716272 0.49993825 0.55267984
 0.60548365 0.65820163 0.71083409 0.76379919 0.81665206 0.87009883
 0.9242121  0.97663641]
accuracies: [           nan 6.30564326e-05 6.18775526e-02 1.19903174e-01
 1.72615013e-01 2.21362434e-01 2.66693734e-01 3.12953657e-01
 3.58884418e-01 4.07775504e-01 4.52384621e-01 5.01211221e-01
 5.47258726e-01 5.97398290e-01 6.56864754e-01 7.08611462e-01
 7.71021960e-01 8.42080573e-01 9.10597072e-01 9.67468783e-01]
ind_eces: [0.02205679267732211, 0.022297928183034096, 0.11224159820528273, 0.09218289013912795, 0.05955996216926841, 0.060598680833741154, 0.08966449558157424, 0.048299907051904484, 0.02490490150898764, 0.13408275215713744, 0.05873597493169732, 0.018294938634875635, 0.08865661015668927, 0.024852364869967454, 0.07258106926214532, 0.09560888955525024, 0.1941914596653853, 0.08356404363861511, 0.07623221723110706, 0.028522138066496665, 0.19333556728090878, 0.14768670914991444, 0.06385901022382985, 0.06925372247829736, 0.13548221391587434, 0.15204985886392647, 0.07690666137913897, 0.05301801005679912, 0.10963206025728033, 0.0879953029316925, 0.031775495042199016, 0.08312125193591414, 0.03647854975995502, 0.10017253137104606, 0.1214001392986111, 0.07834984853465216, 0.11579681829738002, 0.012923544335743475, 0.177035408570591, 0.11847974879459705, 0.15575285106085848, 0.168170802515936, 0.06293130756609533, 0.04082179978267816, 0.03773388039582706, 0.09960913663084288, 0.07785651572561875, 0.07005972809455935, 0.07139303428170739, 0.030499312006679054, 0.04397610162133502, 0.11665100991444323, 0.03784914212673095, 0.10879602705084762, 0.06665850076827175, 0.11146111867094446, 0.09232465933470968, 0.02718035767062861, 0.058858488682155756, 0.1406151772169383, 0.04043814092021735, 0.10995725800282004, 0.023118712933423522, 0.05112669548868904, 0.06358947529490074, 0.04354328220529844, 0.14092108033581616, 0.10630279605349388, 0.08023352039210008, 0.062201759403770006, 0.0747208067908211, 0.39968312052744764, 0.14806205453484172, 0.0775156048012351, 0.029344815300996935, 0.02954313104532955, 0.13540987429747617, 0.0335114231324716, 0.03976094758816238, 0.05400353370599206, 0.03716179606169956, 0.021439527742998437, 0.023183943371177067, 0.06382244901125862, 0.07893503337314117, 0.05095474014780335, 0.062415422422408086, 0.10065295329785065, 0.1759869473981743, 0.09881382261566225, 0.08699682291656573, 0.014467591981391406, 0.1284934706045383, 0.033374418352765854, 0.07760220164019017, 0.21639802243714204, 0.2261637455818192, 0.06880947964274363, 0.02586732025428029, 0.06922495126481532, 0.02923664746905434, 0.26198036189649687, 0.03181143654700472, 0.10739642241922803, 0.07243409037683463, 0.0950259160880051, 0.24351483474310237, 0.03955236038285139, 0.14116888442461858, 0.2695048299975898]
ind_hd95s: [2.2360680103302, 1.0, 1.0, 25.338518142700195, 1.0, 1.0, 24.59674835205078, 16.017169952392578, 2.4494898319244385, 1.0, 1.0, 1.0, 9.866580963134766, 1.0, 5.0, 2.0, 2.0, 27.817148208618164, 1.4142135381698608, 7.856869220733643, 1.4142135381698608, 1.4142135381698608, 1.0, 3.7416574954986572, 1.4142135381698608, 1.0, 1.0, 1.0, 1.9062178134918213, 8.160734176635742, 4.449488639831543, 1.0, 8.267355918884277, 1.0, 1.0, 2.4494898319244385, 3.6940202713012695, 1.5731321573257446, 1.4142135381698608, 1.7320507764816284, 1.0, 1.4142135381698608, 4.0, 13.03840446472168, 1.7320507764816284, 7.00355339050293, 1.0, 2.2360680103302, 22.731721878051758, 3.0, 1.7320507764816284, 1.0, 1.0, 7.442025661468506, 8.425313949584961, 5.42974328994751, 4.582575798034668, 1.7320507764816284, 8.485280990600586, 1.4142135381698608, 1.0, 1.0, 1.0, 1.4142135381698608, 1.0, 1.4142135381698608, 1.0, 1.0, 2.0, 10.912283897399902, 1.7320507764816284, 17.233688354492188, 1.0, 1.4142135381698608, 1.0, 1.0, 1.4142135381698608, 1.0, 17.492855072021484, 5.916079998016357, 7.8102498054504395, 3.605551242828369, 14.065370559692383, 1.4142135381698608, 1.4142135381698608, 5.127634048461914, 1.4142135381698608, 10.064764022827148, 5.099019527435303, 4.242640495300293, 2.2360680103302, 1.0, 1.4142135381698608, 1.4142135381698608, 1.0, 2.8284270763397217, 9.858668327331543, 9.433528900146484, 5.099019527435303, 2.0, 1.4142135381698608, 23.258920669555664, 1.4142135381698608, 9.099424362182617, 1.0, 2.4494898319244385, 12.247448921203613, 21.90886688232422, 1.4142135381698608, 3.7416574954986572]
ind_dices: [0.7358691692352295, 0.8707722425460815, 0.7920227646827698, 0.5591397881507874, 0.8540909290313721, 0.7943304181098938, 0.6600790619850159, 0.6938775777816772, 0.6980361938476562, 0.797252893447876, 0.8319237232208252, 0.8669031858444214, 0.5860389471054077, 0.9016507863998413, 0.6933039426803589, 0.8082461953163147, 0.7053399682044983, 0.27560049295425415, 0.730215847492218, 0.5732758641242981, 0.7313146591186523, 0.8276252746582031, 0.8421778082847595, 0.6729716062545776, 0.7211538553237915, 0.7760691046714783, 0.828082799911499, 0.8968068957328796, 0.6306068897247314, 0.6124234199523926, 0.6792839169502258, 0.856619656085968, 0.5488371849060059, 0.8698807954788208, 0.8455939888954163, 0.8064559102058411, 0.7028225660324097, 0.7562679648399353, 0.8235780596733093, 0.7227272987365723, 0.8655036091804504, 0.785648763179779, 0.705593466758728, 0.5818759799003601, 0.7828442454338074, 0.6981300115585327, 0.883699357509613, 0.774974524974823, 0.590062141418457, 0.8279785513877869, 0.8068849444389343, 0.891694188117981, 0.9168226718902588, 0.6929134130477905, 0.7537190318107605, 0.6478076577186584, 0.6788482666015625, 0.8018149733543396, 0.7802503705024719, 0.8222143650054932, 0.8628806471824646, 0.8857678174972534, 0.8802476525306702, 0.8128864169120789, 0.853685200214386, 0.880148708820343, 0.8810531497001648, 0.9088442921638489, 0.7493455410003662, 0.629294753074646, 0.7614213228225708, 0.3624206483364105, 0.8456350564956665, 0.823205292224884, 0.8636930584907532, 0.8828721046447754, 0.8847619295120239, 0.8701309561729431, 0.7639332413673401, 0.7787958383560181, 0.6753794550895691, 0.6911764740943909, 0.5508274435997009, 0.8606376647949219, 0.7827004194259644, 0.7431451678276062, 0.7997185587882996, 0.6819098591804504, 0.6935496926307678, 0.831958532333374, 0.8571559190750122, 0.9093412160873413, 0.8965572118759155, 0.7920967936515808, 0.8808207511901855, 0.7605105638504028, 0.5900059938430786, 0.7177758812904358, 0.6713340878486633, 0.8376642465591431, 0.8390082716941833, 0.4816247522830963, 0.8117533326148987, 0.743223249912262, 0.8926387429237366, 0.7724729776382446, 0.5315728783607483, 0.47535210847854614, 0.8461018204689026, 0.7780700325965881]
ind_avds: [19.332048416137695, 4.410162448883057, 14.40891170501709, 28.413284301757812, 1.7885806560516357, 4.46792459487915, 1.3089004755020142, 18.518518447875977, 18.14002799987793, 20.432533264160156, 4.390176773071289, 4.394757270812988, 47.713226318359375, 1.583884358406067, 30.89468765258789, 5.386052131652832, 34.082733154296875, 77.36434173583984, 3.2906763553619385, 30.65693473815918, 30.273609161376953, 16.405683517456055, 12.252413749694824, 9.030418395996094, 22.670024871826172, 25.403608322143555, 7.14729642868042, 3.7930634021759033, 5.4200544357299805, 11.074379920959473, 24.506282806396484, 9.312288284301758, 40.504451751708984, 10.586356163024902, 12.306842803955078, 2.3828647136688232, 8.7542085647583, 10.144362449645996, 23.946271896362305, 15.475024223327637, 14.889657020568848, 25.54291534423828, 3.6957685947418213, 26.243093490600586, 6.042031288146973, 33.752777099609375, 7.243589878082275, 21.026226043701172, 44.819278717041016, 11.759764671325684, 6.026058673858643, 13.464557647705078, 1.0097999572753906, 10.963455200195312, 22.058822631835938, 43.58407211303711, 35.36919021606445, 10.537992477416992, 19.79949951171875, 21.88976287841797, 0.5612413287162781, 10.668953895568848, 3.0968055725097656, 2.3794212341308594, 11.569183349609375, 0.8587503433227539, 11.50149154663086, 7.295057773590088, 6.6260986328125, 28.2608699798584, 4.498270034790039, 320.1360778808594, 15.618688583374023, 7.331006050109863, 0.4564315378665924, 5.710004806518555, 14.195831298828125, 4.541700839996338, 10.430685997009277, 19.811321258544922, 29.720027923583984, 22.50225067138672, 35.40856170654297, 10.799838066101074, 22.175907135009766, 5.566444396972656, 1.304753065109253, 4.258241653442383, 35.268028259277344, 6.622838973999023, 14.3814697265625, 2.2939345836639404, 12.708754539489746, 11.636032104492188, 6.102810859680176, 40.7693977355957, 54.364471435546875, 5.728314399719238, 22.444751739501953, 1.0927876234054565, 5.716120719909668, 107.73809814453125, 9.649662017822266, 3.3066132068634033, 6.570695400238037, 9.569247245788574, 86.98517608642578, 43.9560432434082, 19.07868003845215, 33.78486633300781]
ueos: [0.0013694169465452433, 0.002065893029794097, 0.00634408462792635, 0.013241184875369072, 0.25896236300468445, 0.30879077315330505, 0.3436112701892853, 0.37194299697875977, 0.39499786496162415, 0.41365814208984375, 0.427848219871521, 0.43648356199264526, 0.4371190071105957, 0.4254872798919678, 0.37929725646972656, 0.17820265889167786, 0.029980286955833435, 0.0073633454740047455, 0.0036568448413163424, 0.002250368008390069, 0.0012816970702260733, 0.0006054228288121521]
mean_FN_coverage: [0.7635267376899719, 0.7633779048919678, 0.7589660286903381, 0.7369958758354187, 0.7037568092346191, 0.676079511642456, 0.64838707447052, 0.62173992395401, 0.5927563905715942, 0.5612001419067383, 0.5259656310081482, 0.4825938940048218, 0.4316045045852661, 0.36420416831970215, 0.26759958267211914, 0.08773080259561539, 0.008974610827863216, 0.001084161107428372, 0.00042740406934171915, 0.0003046755155082792, 0.00020061241229996085, 5.544526175071951e-06]
size_entirely_missed_lesions: [nan, nan, 2.0, 1.9466667175292969, 3.5747663974761963, 3.4831080436706543, 3.536842107772827, 3.66304349899292, 3.658040761947632, 3.754098415374756, 3.7417027950286865, 3.722222328186035, 3.728832960128784, 3.909928321838379, 3.9219982624053955, 4.001452445983887, 4.098983287811279, 4.095687389373779, 4.09764289855957, 4.096904277801514, 4.096904277801514, 4.1190314292907715]
mean_missed_lesion_coverage: [1.0, 0.9996797442436218, 0.983461320400238, 0.9014081358909607, 0.7835559844970703, 0.6952926516532898, 0.6160048842430115, 0.5477507710456848, 0.48281896114349365, 0.42207494378089905, 0.362600713968277, 0.29747340083122253, 0.24660497903823853, 0.18567176163196564, 0.11628184467554092, 0.03300043195486069, 0.0037783486768603325, 0.000647395383566618, 0.00042409589514136314, 0.00012722877727355808, 1.8175540390075184e-05, 0.0]
prop_entirely_missed: [0.0, 0.0, 0.0019556714687496424, 0.012222946621477604, 0.03487614169716835, 0.04823989421129227, 0.06192959472537041, 0.0749674066901207, 0.0881681889295578, 0.09941329807043076, 0.11294002830982208, 0.1290743201971054, 0.14243806898593903, 0.1592242568731308, 0.18595175445079803, 0.22441330552101135, 0.24038460850715637, 0.24185137450695038, 0.2420143485069275, 0.2421773076057434, 0.2421773076057434, 0.24234028160572052]
