bras: 0.8250042696793873
ece: 0.03160223093068435
dice: 0.7599999904632568
f1: 0.699999988079071
avd: 20.079999923706055
hd95: 4.739999771118164
recall: 0.6399999856948853
max ueo: 0.4371190071105957
undetected clusters at max ueo: 0.14243806898593903
confidences: [       nan 0.00535827 0.07404223 0.12918153 0.18284766 0.2358271
 0.28867298 0.34143406 0.39440578 0.44716272 0.49993825 0.55267984
 0.60548365 0.65820163 0.71083409 0.76379919 0.81665206 0.87009883
 0.9242121  0.97663641]
accuracies: [           nan 6.30564326e-05 6.18775526e-02 1.19903174e-01
 1.72615013e-01 2.21362434e-01 2.66693734e-01 3.12953657e-01
 3.58884418e-01 4.07775504e-01 4.52384621e-01 5.01211221e-01
 5.47258726e-01 5.97398290e-01 6.56864754e-01 7.08611462e-01
 7.71021960e-01 8.42080573e-01 9.10597072e-01 9.67468783e-01]
