confidences: [           nan 5.64902948e-05 7.56244287e-02 1.29762068e-01
 1.82915837e-01 2.36070648e-01 2.88867682e-01 3.41765821e-01
 3.94350022e-01 4.47089404e-01 4.99902129e-01 5.52557111e-01
 6.05271518e-01 6.57981396e-01 7.10926235e-01 7.63683379e-01
 8.16668034e-01 8.69606018e-01 9.23443437e-01 9.86178756e-01]
accuracies: [           nan 6.67975177e-05 7.19649562e-02 1.15550230e-01
 1.54145778e-01 1.95140257e-01 2.32911887e-01 2.69979492e-01
 3.07106155e-01 3.45791620e-01 3.88659364e-01 4.35255126e-01
 4.80308056e-01 5.29122111e-01 5.85759845e-01 6.38407655e-01
 7.05645053e-01 7.73704655e-01 8.57313980e-01 9.62049727e-01]
ind_eces: [0.06398907296753933, 0.022878027715592258, 0.08653884861963311, 0.06022355021994108, 0.03828906901544549, 0.14951771924510768, 0.040459315597788655, 0.03252009756954526, 0.0393467665723379, 0.19329472658898642, 0.0895089827997229, 0.0286853857192585, 0.08016779573059447, 0.021414373612771195, 0.03549269722413764, 0.12555093224144748, 0.21499569044224853, 0.10439233887106646, 0.11559347808862677, 0.07789820118935892, 0.20092986959209855, 0.1742248564542189, 0.014487104033356346, 0.1245904215982663, 0.11893563296040664, 0.2164434032298433, 0.09458915866271271, 0.03339862202840344, 0.0730583371598194, 0.10862624499207102, 0.030896803894861897, 0.15030451374320256, 0.020721414830043205, 0.15202903643377486, 0.11474678424509162, 0.13041508439118438, 0.1413200821118162, 0.04265048803363976, 0.2300504420598625, 0.1285378172355658, 0.18335005854991568, 0.22076009554844978, 0.15303341691351338, 0.056634406326254126, 0.061499033262115095, 0.014067978074273913, 0.14886989222700187, 0.05476042703956374, 0.06270366246850766, 0.09151379474832227, 0.13746990496311787, 0.03612842023552035, 0.11252035673301895, 0.23624214478713806, 0.046935852874493644, 0.06249571772111262, 0.04400826265433968, 0.11550888025394267, 0.08139526430082027, 0.22352913694669058, 0.11991241442183467, 0.11335779400530985, 0.08250846406946732, 0.14338744167833728, 0.05932242999140501, 0.14635989435864463, 0.2126431500586387, 0.17520234472910742, 0.1832149780753353, 0.1530098017408579, 0.1998948138934066, 0.4106966674564656, 0.18946292186359154, 0.1720938249048272, 0.07564500666384763, 0.03510882281720278, 0.04568943699427862, 0.018463701230528942, 0.13954298054077185, 0.09355782308917325, 0.0686003519968929, 0.025276151982107718, 0.03232094066561289, 0.02809144072216936, 0.059628823766575904, 0.05944774092991076, 0.04752213228365892, 0.039856265478435314, 0.19551942893411922, 0.1547712020972354, 0.07511792317879774, 0.008394673976249805, 0.10321210040421808, 0.05105094227605118, 0.07939108736159142, 0.21391048165749943, 0.20937229593932397, 0.037294242634464105, 0.03616303238279808, 0.0973511859973539, 0.014242618261946588, 0.29473926826183305, 0.023018299077952123, 0.04548441286500492, 0.01634203295893984, 0.16413004832289446, 0.20118871323860463, 0.041831992792226304, 0.11419343682605208, 0.22267627838757267]
ind_hd95s: [2.2360680103302, 1.0, 1.0207107067108154, 25.900470733642578, 1.0, 1.4142135381698608, 24.75883674621582, 11.618704795837402, 2.2360680103302, 1.4142135381698608, 1.0, 1.0, 8.083881378173828, 1.0, 3.605551242828369, 1.4142135381698608, 2.2360680103302, 25.286279678344727, 1.6525914669036865, 6.282077312469482, 1.4142135381698608, 1.4142135381698608, 1.0, 2.2360680103302, 1.0414214134216309, 1.4142135381698608, 1.0, 1.0, 2.2360680103302, 4.582575798034668, 4.098484516143799, 1.0, 6.164413928985596, 1.0, 1.0, 1.4142135381698608, 2.2360680103302, 1.4142135381698608, 1.4142135381698608, 1.4142135381698608, 1.0, 1.4142135381698608, 3.605551242828369, 9.107681274414062, 1.4142135381698608, 3.605551242828369, 1.0, 1.4142135381698608, 23.2581844329834, 2.0, 1.7320507764816284, 1.0, 1.0, 7.522216796875, 3.081138849258423, 3.7798023223876953, 5.544059753417969, 1.4142135381698608, 8.859627723693848, 2.165247678756714, 1.4142135381698608, 1.0, 1.0, 1.4142135381698608, 1.0, 1.0, 1.0, 1.0, 2.0, 9.848857879638672, 1.4142135381698608, 16.67333221435547, 1.4142135381698608, 1.7320507764816284, 1.0, 1.0, 1.0, 1.0, 17.222043991088867, 3.316624879837036, 5.385164737701416, 3.605551242828369, 9.62012767791748, 1.0, 1.4142135381698608, 6.7082037925720215, 1.7320507764816284, 3.1583123207092285, 5.385164737701416, 5.74456262588501, 1.4142135381698608, 1.0, 1.0, 1.0, 1.0, 2.4494898319244385, 9.238470077514648, 3.2780380249023438, 1.6684833765029907, 1.4142135381698608, 1.0, 20.12833595275879, 1.4142135381698608, 2.879899024963379, 1.0, 3.0, 12.806248664855957, 14.463205337524414, 1.4142135381698608, 3.1622776985168457]
ind_dices: [0.7012696266174316, 0.8697207570075989, 0.790977954864502, 0.5327313542366028, 0.85773104429245, 0.7801912426948547, 0.6675997376441956, 0.6484375, 0.682191789150238, 0.7804937362670898, 0.8334314823150635, 0.8642158508300781, 0.6559386849403381, 0.9018617272377014, 0.7270817160606384, 0.8100855350494385, 0.714070737361908, 0.24415583908557892, 0.7292817831039429, 0.5956607460975647, 0.7510484457015991, 0.8166210055351257, 0.853939414024353, 0.6794520616531372, 0.7403509020805359, 0.7516804933547974, 0.8196914792060852, 0.8884856104850769, 0.6771879196166992, 0.6076986193656921, 0.6773067116737366, 0.8447794914245605, 0.5332068204879761, 0.8489876985549927, 0.8548916578292847, 0.7976295351982117, 0.7167497277259827, 0.7464648485183716, 0.8050163984298706, 0.730699360370636, 0.8603454232215881, 0.7692980766296387, 0.696881115436554, 0.5320512652397156, 0.7888650894165039, 0.7202598452568054, 0.8665084838867188, 0.7941921949386597, 0.5737179517745972, 0.825809121131897, 0.7936803102493286, 0.9016547203063965, 0.9099485278129578, 0.6551297903060913, 0.7872663140296936, 0.6494565010070801, 0.709410548210144, 0.7932310700416565, 0.7523277401924133, 0.792509138584137, 0.8431947827339172, 0.8913424611091614, 0.8823319673538208, 0.7959361672401428, 0.8573225140571594, 0.871216356754303, 0.8635727167129517, 0.8975103497505188, 0.7493144869804382, 0.6656976938247681, 0.7368115782737732, 0.38443633913993835, 0.8282706141471863, 0.8056858777999878, 0.8593327403068542, 0.8915682435035706, 0.8990012407302856, 0.8768326044082642, 0.7956227660179138, 0.800000011920929, 0.6707000732421875, 0.7030333876609802, 0.5945303440093994, 0.8700060248374939, 0.7818118333816528, 0.7559661269187927, 0.8019554018974304, 0.7582733631134033, 0.704328715801239, 0.8128438591957092, 0.8590750098228455, 0.909817636013031, 0.8948667049407959, 0.8053333163261414, 0.876534104347229, 0.7687579393386841, 0.6530880331993103, 0.7426597476005554, 0.706308901309967, 0.8362043499946594, 0.8361014127731323, 0.4759206771850586, 0.8167202472686768, 0.75066739320755, 0.8984041810035706, 0.7624871134757996, 0.5702757239341736, 0.46830984950065613, 0.8535513877868652, 0.7996575832366943]
ind_avds: [28.0025691986084, 0.23532487452030182, 8.69565200805664, 36.53136444091797, 0.504471480846405, 20.98113250732422, 12.958115577697754, 27.60942840576172, 19.306930541992188, 31.960508346557617, 9.617231369018555, 0.9316371083259583, 38.68973922729492, 2.1759188175201416, 22.600187301635742, 11.145703315734863, 39.028778076171875, 80.62015533447266, 15.082266807556152, 14.96350383758545, 31.509267807006836, 21.682920455932617, 2.9262466430664062, 8.174904823303223, 15.365239143371582, 40.17094039916992, 10.834887504577637, 1.3281521797180176, 11.11111068725586, 1.8181818723678589, 20.017953872680664, 18.33145523071289, 43.62017822265625, 18.617385864257812, 10.126931190490723, 12.342703819274902, 19.612794876098633, 4.096761703491211, 32.67716598510742, 15.670910835266113, 18.233182907104492, 36.452945709228516, 19.817890167236328, 27.624309539794922, 4.46584939956665, 17.69059944152832, 16.08974266052246, 2.0980615615844727, 49.638553619384766, 3.7379252910614014, 19.055374145507812, 6.605482578277588, 6.975444316864014, 68.77076721191406, 5.980391979217529, 37.16814041137695, 23.70100212097168, 9.76150894165039, 1.8796992301940918, 37.55905532836914, 13.700891494750977, 10.506003379821777, 4.95001220703125, 21.543407440185547, 4.8827619552612305, 11.31181526184082, 20.925865173339844, 13.968629837036133, 34.24611282348633, 13.664596557617188, 38.75432586669922, 298.0846862792969, 22.512454986572266, 23.2624568939209, 7.074688911437988, 0.19976693391799927, 7.078254222869873, 0.6110652089118958, 9.08479118347168, 2.830188751220703, 33.883705139160156, 23.447343826293945, 36.381324768066406, 7.78377103805542, 20.320966720581055, 3.6848294734954834, 4.589934825897217, 9.065934181213379, 36.540687561035156, 16.87363052368164, 13.057865142822266, 2.666074275970459, 11.802591323852539, 0.6228163242340088, 6.330716609954834, 37.73909378051758, 33.078102111816406, 10.474631309509277, 9.530386924743652, 4.152592658996582, 4.067651271820068, 115.17857360839844, 8.850645065307617, 12.3246488571167, 1.2756556272506714, 25.149946212768555, 44.97528839111328, 43.9560432434082, 16.765186309814453, 29.15922737121582]
ueos: [0.0013987537240609527, 0.22545211017131805, 0.27798011898994446, 0.3141373097896576, 0.3428811728954315, 0.3669802248477936, 0.38820695877075195, 0.405948281288147, 0.42040640115737915, 0.43073034286499023, 0.43731334805488586, 0.43610283732414246, 0.42261043190956116, 0.3800593912601471, 0.06430216133594513, 0.0201106034219265, 0.015130335465073586, 0.011979621835052967, 0.009050152264535427, 0.006656286772340536, 0.004357115365564823, 0.0022281345445662737]
mean_FN_coverage: [0.7073011994361877, 0.6680243015289307, 0.6475184559822083, 0.629101574420929, 0.6089985966682434, 0.589870274066925, 0.5681262016296387, 0.5444231033325195, 0.5181468725204468, 0.4860503673553467, 0.44993361830711365, 0.40424057841300964, 0.3461669683456421, 0.2627992331981659, 0.027000537142157555, 0.005453598219901323, 0.00360982958227396, 0.0030253843870013952, 0.0026136678643524647, 0.0019978240597993135, 0.0012618646724149585, 0.0008217026479542255]
size_entirely_missed_lesions: [nan, 3.3557047843933105, 3.2850677967071533, 3.2825279235839844, 3.1980831623077393, 3.2128851413726807, 3.194999933242798, 3.2351598739624023, 3.2468619346618652, 3.277264356613159, 3.4295082092285156, 3.4764010906219482, 3.433378219604492, 3.5911731719970703, 3.7679362297058105, 3.7895195484161377, 3.7980852127075195, 3.863715171813965, 3.863715171813965, 3.863715171813965, 3.8647007942199707, 3.8630850315093994]
mean_missed_lesion_coverage: [1.0, 0.8090970516204834, 0.7233808040618896, 0.6556212306022644, 0.5933434367179871, 0.54412442445755, 0.48635169863700867, 0.44227999448776245, 0.39269495010375977, 0.3475923240184784, 0.2965806722640991, 0.24492581188678741, 0.19315959513187408, 0.12783508002758026, 0.012447324581444263, 0.00608092313632369, 0.004148556385189295, 0.003758075414225459, 0.003412652760744095, 0.002788972109556198, 0.0026098638772964478, 0.0015959828160703182]
prop_entirely_missed: [0.0, 0.024282921105623245, 0.03601694852113724, 0.04383963346481323, 0.05101042985916138, 0.05818122625350952, 0.06518904864788055, 0.07138200849294662, 0.07790091633796692, 0.0881681889295578, 0.09941329807043076, 0.1104954332113266, 0.1210886538028717, 0.14031942188739777, 0.1839960813522339, 0.18660365045070648, 0.18725554645061493, 0.18774445354938507, 0.18774445354938507, 0.18774445354938507, 0.18790742754936218, 0.1880704015493393]
