bras: 0.9106775696078936
ece: 0.07546622542772281
dice: 0.7599999904632568
f1: 0.7200000286102295
avd: 21.440000534057617
hd95: 4.010000228881836
recall: 0.7099999785423279
max ueo: 0.43731334805488586
undetected clusters at max ueo: 0.09941329807043076
confidences: [           nan 5.64902948e-05 7.56244287e-02 1.29762068e-01
 1.82915837e-01 2.36070648e-01 2.88867682e-01 3.41765821e-01
 3.94350022e-01 4.47089404e-01 4.99902129e-01 5.52557111e-01
 6.05271518e-01 6.57981396e-01 7.10926235e-01 7.63683379e-01
 8.16668034e-01 8.69606018e-01 9.23443437e-01 9.86178756e-01]
accuracies: [           nan 6.67975177e-05 7.19649562e-02 1.15550230e-01
 1.54145778e-01 1.95140257e-01 2.32911887e-01 2.69979492e-01
 3.07106155e-01 3.45791620e-01 3.88659364e-01 4.35255126e-01
 4.80308056e-01 5.29122111e-01 5.85759845e-01 6.38407655e-01
 7.05645053e-01 7.73704655e-01 8.57313980e-01 9.62049727e-01]
