confidences: [           nan 8.25661264e-05 7.55837634e-02 1.29642650e-01
 1.83024213e-01 2.36158803e-01 2.88868606e-01 3.41674149e-01
 3.94320458e-01 4.47233379e-01 4.99922603e-01 5.52555680e-01
 6.05449140e-01 6.58111036e-01 7.10917175e-01 7.63599098e-01
 8.16544652e-01 8.69599700e-01 9.23406124e-01 9.87610936e-01]
accuracies: [           nan 5.90654109e-05 6.59073522e-02 1.07316452e-01
 1.47559898e-01 1.86941048e-01 2.24963440e-01 2.62304681e-01
 3.04562519e-01 3.41168449e-01 3.85899119e-01 4.28686915e-01
 4.75172178e-01 5.24112999e-01 5.77902294e-01 6.29848529e-01
 6.96027778e-01 7.63393055e-01 8.40194067e-01 9.55801911e-01]
ind_eces: [0.02524332041838684, 0.07384274800149777, 0.09489554883236355, 0.13431939028030854, 0.06825925352053154, 0.1419245853001839, 0.0567222095648542, 0.054668162390981885, 0.052383462688916166, 0.21777837950136889, 0.09227995639513503, 0.01827267086913414, 0.06862197464086625, 0.030334008578596305, 0.03811739585523064, 0.13013056399316184, 0.14948894086232473, 0.12343465197376341, 0.10919069701894396, 0.0715845416473859, 0.16085380691394535, 0.21039292082845085, 0.03645207367173599, 0.09722760133079872, 0.1452801131292791, 0.2322143628947218, 0.1140897272830171, 0.03525291231250804, 0.05533598368579478, 0.07161877864132171, 0.027298345428717067, 0.12973492605287346, 0.04466059764988417, 0.17277522231055154, 0.17248825751716743, 0.14877342046353093, 0.15128210122781707, 0.08995621969301797, 0.22747590879733753, 0.15425766629544746, 0.18814094012582305, 0.1966286027207787, 0.12943020265858174, 0.07329932877711626, 0.0882166976346816, 0.02256179602336223, 0.1468953407587792, 0.06800304832233604, 0.06578287188181946, 0.08574706516600927, 0.09484035613916954, 0.06864096567736637, 0.12437934544220013, 0.19020427918576216, 0.04693003921101643, 0.07412762948960439, 0.043851088907593753, 0.07395938974441399, 0.02912771659662962, 0.219039234999832, 0.13626896118583653, 0.16554915113701535, 0.08213917200183928, 0.15538249022815162, 0.07531597549936221, 0.15154597471399114, 0.22327787254196252, 0.20203542310592548, 0.14724537584745612, 0.11561873116166968, 0.1797179128754841, 0.42083235153374077, 0.21110971188328273, 0.12086480277731769, 0.10332369844051373, 0.04187512966566587, 0.05292524812612839, 0.07017236863944268, 0.13324146694401767, 0.07563355241886281, 0.1097525323259761, 0.038637139023251756, 0.039593641165496164, 0.01664624999662388, 0.053047220902717934, 0.0685276687849351, 0.039095588397621416, 0.03355487588028667, 0.14205464794497177, 0.13635867500021487, 0.09041749331245731, 0.017590270372128878, 0.08603699643379494, 0.018933980139030273, 0.11222982006916567, 0.20490854939554629, 0.14040142899062757, 0.06443620323049191, 0.014737737191614107, 0.11105745806675711, 0.023364116988867627, 0.25365185830165143, 0.039562652637643185, 0.043507795866453675, 0.015242791864450243, 0.172379588715671, 0.1874117492503285, 0.028190332862974836, 0.13066225122292618, 0.20535602507879605]
ind_hd95s: [2.4494898319244385, 1.0, 1.4142135381698608, 25.620101928710938, 1.0, 1.4142135381698608, 2.1062304973602295, 7.186040878295898, 2.0, 1.4142135381698608, 1.0, 1.0, 9.0768404006958, 1.0, 3.360867738723755, 1.4142135381698608, 1.7320507764816284, 27.817148208618164, 1.4142135381698608, 7.227499008178711, 1.4142135381698608, 1.4142135381698608, 1.0, 2.2360680103302, 1.4142135381698608, 1.4142135381698608, 1.0, 1.0, 3.605551242828369, 7.252373695373535, 4.242640495300293, 1.0, 7.874007701873779, 1.0, 1.0, 2.0, 2.4494898319244385, 1.4142135381698608, 1.4142135381698608, 1.4142135381698608, 1.0, 1.4142135381698608, 3.605551242828369, 9.02094554901123, 1.4142135381698608, 4.254115581512451, 1.0, 1.4142135381698608, 14.39955997467041, 2.0, 1.4142135381698608, 1.0, 1.0, 7.681145668029785, 4.123105525970459, 3.316624879837036, 5.099019527435303, 1.4142135381698608, 8.485280990600586, 2.8284270763397217, 1.4142135381698608, 1.0, 1.0, 1.4142135381698608, 1.0, 1.0, 1.0, 1.0, 1.4142135381698608, 10.38670539855957, 1.4142135381698608, 17.57839584350586, 1.4142135381698608, 1.4142135381698608, 1.0, 1.0, 1.0, 1.0, 17.222043991088867, 3.2703206539154053, 6.410840034484863, 3.646383047103882, 11.132380485534668, 1.0, 1.4142135381698608, 6.640745162963867, 2.2360680103302, 3.870828628540039, 5.099019527435303, 5.74456262588501, 2.2360680103302, 1.0, 1.0, 1.4142135381698608, 1.0, 2.8284270763397217, 11.575837135314941, 8.394970893859863, 2.2360680103302, 1.4142135381698608, 1.0, 21.944990158081055, 2.8284270763397217, 4.426002025604248, 1.0, 3.1622776985168457, 12.806248664855957, 20.7816219329834, 1.4142135381698608, 2.8284270763397217]
ind_dices: [0.7126269936561584, 0.873171865940094, 0.7856164574623108, 0.5282257795333862, 0.8523783087730408, 0.7743041515350342, 0.6893333196640015, 0.64716637134552, 0.7044743299484253, 0.7685428261756897, 0.8318352103233337, 0.8705341219902039, 0.5996835231781006, 0.89998459815979, 0.7109105587005615, 0.8081429600715637, 0.745244026184082, 0.24146981537342072, 0.742514967918396, 0.5889830589294434, 0.7523885369300842, 0.8104495406150818, 0.8576096892356873, 0.684285044670105, 0.7188913822174072, 0.7342360019683838, 0.8264334201812744, 0.8901714086532593, 0.652046799659729, 0.6108108162879944, 0.6876876950263977, 0.8438315987586975, 0.5219885110855103, 0.8467903733253479, 0.8360882997512817, 0.7926509380340576, 0.6979146599769592, 0.7534918785095215, 0.815132737159729, 0.7374155521392822, 0.8568999767303467, 0.7930258512496948, 0.7032355666160583, 0.6514285802841187, 0.7717068791389465, 0.7368420958518982, 0.8721893429756165, 0.7883705496788025, 0.6227545142173767, 0.8209280371665955, 0.7908064126968384, 0.8974602818489075, 0.9106953740119934, 0.6948229074478149, 0.7774827480316162, 0.7074122428894043, 0.6924298405647278, 0.7944903373718262, 0.7650273442268372, 0.7843331694602966, 0.8469957709312439, 0.8864263892173767, 0.8817102313041687, 0.7982708811759949, 0.8629701137542725, 0.8683570623397827, 0.8613384962081909, 0.8885241150856018, 0.758276641368866, 0.6486486196517944, 0.7430806159973145, 0.3629707098007202, 0.8303709626197815, 0.8327115178108215, 0.8610289692878723, 0.8940765857696533, 0.9017741084098816, 0.8767013549804688, 0.7957336902618408, 0.8156490921974182, 0.64647376537323, 0.6929052472114563, 0.6148571372032166, 0.8659571409225464, 0.784029483795166, 0.7660391926765442, 0.8067106008529663, 0.7362884879112244, 0.7317245602607727, 0.8183075785636902, 0.8544071912765503, 0.9083123207092285, 0.8992205262184143, 0.8073394298553467, 0.8755804896354675, 0.7657195329666138, 0.7029039263725281, 0.7291139364242554, 0.698400616645813, 0.8286514282226562, 0.8423612713813782, 0.49253731966018677, 0.804239809513092, 0.7383753657341003, 0.8935849666595459, 0.7525423765182495, 0.571628212928772, 0.5, 0.848037600517273, 0.813281238079071]
ind_avds: [22.992935180664062, 5.303525447845459, 9.845490455627441, 16.974170684814453, 4.8842010498046875, 20.166038513183594, 3.664921522140503, 15.824915885925293, 7.95615291595459, 39.72731399536133, 9.095897674560547, 1.6383962631225586, 43.75772476196289, 0.430570513010025, 24.46411895751953, 12.57783317565918, 17.446043014526367, 81.86046600341797, 13.711152076721191, 27.737226486206055, 21.712268829345703, 27.60657501220703, 1.0351349115371704, 1.4258555173873901, 22.670024871826172, 45.489078521728516, 13.175885200500488, 1.989328384399414, 14.634146690368652, 16.5289249420166, 20.646320343017578, 15.851183891296387, 44.80712127685547, 21.9598445892334, 18.681015014648438, 14.216867446899414, 19.9915828704834, 6.710885524749756, 32.005558013916016, 24.730655670166016, 18.971017837524414, 29.83453941345215, 11.89073371887207, 6.629834175109863, 6.742557048797607, 17.17246437072754, 16.66666603088379, 2.3717217445373535, 39.0361442565918, 2.288954257965088, 9.039088249206543, 9.33462142944336, 7.746767520904541, 43.85382080078125, 15.392156600952148, 29.86725616455078, 27.803098678588867, 1.3311147689819336, 16.541353225708008, 38.22834777832031, 15.665236473083496, 14.3825044631958, 5.315776824951172, 23.151124954223633, 6.55758810043335, 13.13295841217041, 22.704673767089844, 16.36578941345215, 23.630830764770508, 4.658385276794434, 30.03460121154785, 330.0403137207031, 25.743907928466797, 12.662647247314453, 10.497925758361816, 0.3828866183757782, 6.886551380157471, 6.2758049964904785, 8.209959983825684, 1.0613207817077637, 41.206031799316406, 26.19261932373047, 29.766536712646484, 6.536743640899658, 18.86202621459961, 4.0768327713012695, 5.568499565124512, 17.170330047607422, 18.14500617980957, 11.200389862060547, 14.79721736907959, 1.544101357460022, 10.731670379638672, 7.929515361785889, 9.939225196838379, 34.472381591796875, 5.66615629196167, 6.0556464195251465, 18.646408081054688, 5.821577548980713, 6.336972713470459, 79.16666412353516, 14.443761825561523, 21.142284393310547, 1.3683010339736938, 25.190839767456055, 35.74958801269531, 42.85714340209961, 17.71300506591797, 26.611661911010742]
ueos: [0.0014012710889801383, 0.22150249779224396, 0.2738566994667053, 0.3103494942188263, 0.3393794894218445, 0.3637966215610504, 0.38511863350868225, 0.4029625654220581, 0.41788604855537415, 0.42975348234176636, 0.43731027841567993, 0.43759945034980774, 0.42445802688598633, 0.3799983859062195, 0.04204319044947624, 0.018549999222159386, 0.01309232972562313, 0.010008635930716991, 0.00754094123840332, 0.0051148380152881145, 0.0026898356154561043, 0.0012951269745826721]
mean_FN_coverage: [0.7024120092391968, 0.6684467792510986, 0.6510400772094727, 0.6319422125816345, 0.6135317087173462, 0.5942910313606262, 0.5728046894073486, 0.5505251884460449, 0.522340714931488, 0.49053481221199036, 0.4552594721317291, 0.41125187277793884, 0.3510916829109192, 0.2637670040130615, 0.014472723938524723, 0.005018940661102533, 0.0032952751498669386, 0.002093795919790864, 0.0016815249109640718, 0.001206857617944479, 0.0008064981084316969, 0.0003380128473509103]
size_entirely_missed_lesions: [nan, 3.2406015396118164, 3.403225898742676, 3.4067797660827637, 3.2170817852020264, 3.1507692337036133, 3.2599470615386963, 3.2746479511260986, 3.365344524383545, 3.4285714626312256, 3.5377049446105957, 3.5195937156677246, 3.551330804824829, 3.694232940673828, 3.871302843093872, 3.870015859603882, 3.870015859603882, 3.8693227767944336, 3.880573272705078, 3.880573272705078, 3.8799681663513184, 3.8840348720550537]
mean_missed_lesion_coverage: [1.0, 0.8461607098579407, 0.7767037749290466, 0.7065537571907043, 0.6484414935112, 0.5908143520355225, 0.539359450340271, 0.49298807978630066, 0.43533772230148315, 0.37759360671043396, 0.32465261220932007, 0.2703927159309387, 0.20360349118709564, 0.1365414261817932, 0.004892920143902302, 0.003589065046980977, 0.0031922401394695044, 0.002041446277871728, 0.0017504410352557898, 0.0011067019077017903, 0.00037477954174391925, 0.00019841270113829523]
prop_entirely_missed: [0.0, 0.021675359457731247, 0.030312906950712204, 0.03846153989434242, 0.04579530656337738, 0.052966102957725525, 0.06144067645072937, 0.06942633539438248, 0.07806388288736343, 0.08784224092960358, 0.09941329807043076, 0.11228813230991364, 0.12858539819717407, 0.14977183938026428, 0.2038787454366684, 0.20436766743659973, 0.20436766743659973, 0.20453064143657684, 0.20469361543655396, 0.20469361543655396, 0.20501956343650818, 0.2051825225353241]
