bras: 0.915579597155253
ece: 0.08244647275815331
dice: 0.7599999904632568
f1: 0.7200000286102295
avd: 20.540000915527344
hd95: 4.010000228881836
recall: 0.6899999976158142
max ueo: 0.43759945034980774
undetected clusters at max ueo: 0.11228813230991364
confidences: [           nan 8.25661264e-05 7.55837634e-02 1.29642650e-01
 1.83024213e-01 2.36158803e-01 2.88868606e-01 3.41674149e-01
 3.94320458e-01 4.47233379e-01 4.99922603e-01 5.52555680e-01
 6.05449140e-01 6.58111036e-01 7.10917175e-01 7.63599098e-01
 8.16544652e-01 8.69599700e-01 9.23406124e-01 9.87610936e-01]
accuracies: [           nan 5.90654109e-05 6.59073522e-02 1.07316452e-01
 1.47559898e-01 1.86941048e-01 2.24963440e-01 2.62304681e-01
 3.04562519e-01 3.41168449e-01 3.85899119e-01 4.28686915e-01
 4.75172178e-01 5.24112999e-01 5.77902294e-01 6.29848529e-01
 6.96027778e-01 7.63393055e-01 8.40194067e-01 9.55801911e-01]
