confidences: [           nan 4.96295688e-04 7.53199831e-02 1.29595235e-01
 1.82850674e-01 2.35936373e-01 2.88783401e-01 3.41595292e-01
 3.94377500e-01 4.47059900e-01 4.99782801e-01 5.52674949e-01
 6.05226278e-01 6.58061385e-01 7.11053610e-01 7.63930380e-01
 8.16701353e-01 8.69804025e-01 9.23903763e-01 9.83336568e-01]
accuracies: [           nan 6.57671262e-05 6.76626835e-02 1.08039475e-01
 1.49461043e-01 1.90035222e-01 2.33053565e-01 2.63372909e-01
 3.06907952e-01 3.50977410e-01 3.83490400e-01 4.38035636e-01
 4.77113093e-01 5.26949737e-01 5.82217973e-01 6.40669583e-01
 7.05837756e-01 7.82639262e-01 8.62493607e-01 9.62641864e-01]
ind_eces: [0.026080550126777083, 0.04902966027511475, 0.09628741208327345, 0.14551256505898907, 0.08845372510014082, 0.11018032085942542, 0.10385126142428898, 0.041244290743861566, 0.03961861194281999, 0.16566820481025193, 0.10082019285024546, 0.01881164607639396, 0.03390861404746906, 0.030420336140632404, 0.04436810146011921, 0.16386490535922815, 0.20990115106056892, 0.053853488555489756, 0.13698486587896155, 0.08626677836503507, 0.22058330262231973, 0.18208530213495244, 0.022087187775555035, 0.12323072399281197, 0.11825896910144963, 0.1986048716581163, 0.11100454985058923, 0.06237240692134064, 0.09223105901596106, 0.09259170019033384, 0.03363237724503654, 0.10464005206591458, 0.04509535986728646, 0.14673452431779285, 0.1639461409167257, 0.13872477644194228, 0.15264720323686812, 0.04637079805850107, 0.2223547876783936, 0.1322279934275197, 0.17042887588273908, 0.18813952964779865, 0.12983562082529737, 0.15955240622570294, 0.08695228972765069, 0.03757438802154805, 0.1514586058364592, 0.07568200498036386, 0.07721207310034703, 0.11383491017474744, 0.1220674084293422, 0.05275288557035939, 0.08651227078094322, 0.22292731372344843, 0.058541983279139224, 0.0570493550413613, 0.06331946439583938, 0.0427636825479621, 0.03422931753293763, 0.2140815275723791, 0.12310760799026627, 0.142241404377028, 0.10636485453969974, 0.15794564297612157, 0.03172666781009899, 0.13450749678271723, 0.18259201824275154, 0.18941816028733635, 0.1420019452562581, 0.16824098250819086, 0.19275507682321147, 0.40726513941067843, 0.21201779250087596, 0.1465470522619925, 0.08397207889652848, 0.048996354260102876, 0.07011828375274744, 0.04487270453263313, 0.139215759912, 0.07119245141764788, 0.022884757808965216, 0.013056041949201395, 0.07777010326364724, 0.05402519511397434, 0.04943849510137357, 0.045279686214741835, 0.049047327797931244, 0.10391720965474315, 0.1337568489037498, 0.14320900439122486, 0.03783797354927768, 0.05454095185835102, 0.06968677624875938, 0.03584852822001911, 0.13394035524474943, 0.19691636628843234, 0.27119519157283, 0.11688185014905865, 0.04155030726533462, 0.09112824975798231, 0.01845569345172255, 0.314403452187157, 0.01734975898378022, 0.09138060640849865, 0.012561945212835823, 0.1430087301958405, 0.24839505047420266, 0.07559828790474693, 0.1269907109642351, 0.2409581424082367]
ind_hd95s: [1.4142135381698608, 1.0, 1.0, 26.160968780517578, 1.0, 1.0, 1.7320507764816284, 6.640359401702881, 1.4142135381698608, 1.4142135381698608, 1.0, 1.4142135381698608, 5.417386054992676, 1.0, 4.4721360206604, 1.4142135381698608, 2.0, 12.517934799194336, 1.4142135381698608, 7.677700042724609, 1.4142135381698608, 1.4142135381698608, 1.0, 2.2360680103302, 1.4142135381698608, 1.4142135381698608, 1.0, 1.0, 3.605551242828369, 5.385164737701416, 3.316624879837036, 1.0, 7.348469257354736, 1.0, 1.0, 1.0, 2.9399495124816895, 1.4142135381698608, 1.4142135381698608, 2.0, 1.0, 1.4142135381698608, 3.1931471824645996, 14.86269760131836, 1.4142135381698608, 3.3239986896514893, 1.0, 1.4142135381698608, 21.595109939575195, 1.4142135381698608, 1.7320507764816284, 1.0, 1.0, 8.48446273803711, 3.081138849258423, 3.7798023223876953, 3.7416574954986572, 1.4142135381698608, 8.668885231018066, 1.7320507764816284, 1.4142135381698608, 1.0, 1.0, 1.4142135381698608, 1.0, 1.0, 1.0, 1.0, 2.0, 9.559237480163574, 1.4142135381698608, 16.61324691772461, 1.4142135381698608, 1.4142135381698608, 1.0, 1.0, 1.0, 1.0, 17.35511016845703, 3.5631163120269775, 5.099019527435303, 3.0, 14.46892261505127, 1.4142135381698608, 1.4142135381698608, 3.0, 1.4142135381698608, 9.69536018371582, 5.099019527435303, 5.916079998016357, 1.7320507764816284, 1.0, 1.0, 1.0, 1.0, 2.4494898319244385, 12.569805145263672, 5.0742645263671875, 2.2360680103302, 1.0, 1.0, 19.554567337036133, 1.4142135381698608, 8.270376205444336, 1.0, 2.4494898319244385, 14.331216812133789, 21.283796310424805, 1.4142135381698608, 3.0]
ind_dices: [0.7396305203437805, 0.8719949722290039, 0.7860713601112366, 0.5282257795333862, 0.8535342216491699, 0.7892357707023621, 0.6930320262908936, 0.6764705777168274, 0.7058823704719543, 0.7752008438110352, 0.8272674083709717, 0.8562110662460327, 0.6465833783149719, 0.8984414339065552, 0.7213811278343201, 0.79395991563797, 0.7173252105712891, 0.2971014380455017, 0.7485572695732117, 0.6083499193191528, 0.7402646541595459, 0.8174587488174438, 0.8467717170715332, 0.6934673190116882, 0.7174360752105713, 0.7609400153160095, 0.8243427276611328, 0.891541600227356, 0.6481994390487671, 0.6325823068618774, 0.6930000185966492, 0.8484460115432739, 0.5297504663467407, 0.8602592349052429, 0.8464372158050537, 0.8009950518608093, 0.7099599838256836, 0.7575817704200745, 0.8201308250427246, 0.7271910309791565, 0.8650803565979004, 0.7867705225944519, 0.7035633325576782, 0.6045340299606323, 0.7831932902336121, 0.7338298559188843, 0.8766435384750366, 0.7974341511726379, 0.5797872543334961, 0.8272938132286072, 0.7883211970329285, 0.8992394208908081, 0.9115450978279114, 0.6431273818016052, 0.7936191558837891, 0.716167688369751, 0.7145102024078369, 0.8109619617462158, 0.7876802086830139, 0.8144553899765015, 0.848279595375061, 0.892022967338562, 0.882794201374054, 0.7935779690742493, 0.8592926263809204, 0.8729165196418762, 0.8768593668937683, 0.8917713165283203, 0.76606684923172, 0.6735293865203857, 0.755162239074707, 0.38068097829818726, 0.8323158025741577, 0.8274857997894287, 0.8665205836296082, 0.8921017646789551, 0.9015892744064331, 0.8823529481887817, 0.7827997207641602, 0.8108761310577393, 0.7051070928573608, 0.7190627455711365, 0.6002055406570435, 0.8663157224655151, 0.7930876612663269, 0.7735812664031982, 0.815829873085022, 0.7159841656684875, 0.7313248515129089, 0.818810224533081, 0.868744432926178, 0.9095964431762695, 0.9048383831977844, 0.8123266696929932, 0.8679065704345703, 0.7785595059394836, 0.6038172245025635, 0.7081038355827332, 0.6877269148826599, 0.8471158742904663, 0.8446109890937805, 0.430948406457901, 0.822890043258667, 0.7588617205619812, 0.8988483548164368, 0.7666168808937073, 0.5238938331604004, 0.484698086977005, 0.8446067571640015, 0.7977917194366455]
ind_avds: [15.73538875579834, 2.122281789779663, 8.444125175476074, 16.974170684814453, 6.9708781242370605, 13.705660820007324, 8.507853507995605, 16.83501625061035, 10.643564224243164, 27.042783737182617, 10.714776039123535, 4.953739166259766, 31.767614364624023, 2.1759188175201416, 24.557315826416016, 20.610212326049805, 36.69064712524414, 71.6279067993164, 21.755027770996094, 16.423357009887695, 33.45101547241211, 22.7918643951416, 4.220165252685547, 8.079848289489746, 14.168766021728516, 34.377967834472656, 12.761549949645996, 4.059854030609131, 4.336043357849121, 9.256197929382324, 20.466785430908203, 11.116121292114258, 45.40059280395508, 16.49555015563965, 17.246137619018555, 15.2610445022583, 21.001684188842773, 3.1603589057922363, 30.083372116088867, 17.92360496520996, 16.77745246887207, 29.033092498779297, 11.944295883178711, 19.337017059326172, 8.406304359436035, 11.176905632019043, 16.955127716064453, 2.6453819274902344, 18.795181274414062, 8.042839050292969, 17.548860549926758, 7.885520935058594, 5.10861873626709, 63.45515060424805, 3.3333332538604736, 15.265486717224121, 25.97994613647461, 1.663893461227417, 8.771929740905762, 35.31496047973633, 14.443710327148438, 12.229846000671387, 8.046817779541016, 24.30868148803711, 0.33496522903442383, 10.527094841003418, 16.141862869262695, 15.611127853393555, 23.56321907043457, 11.180124282836914, 34.60207748413086, 304.0574645996094, 27.15766716003418, 17.994287490844727, 8.278008460998535, 1.498252034187317, 8.547974586486816, 2.1469860076904297, 14.401076316833496, 4.834905624389648, 25.699928283691406, 15.616561889648438, 10.70038890838623, 10.4866304397583, 17.882450103759766, 2.391219139099121, 2.7726001739501953, 7.9670329093933105, 18.897029876708984, 14.877038955688477, 9.43492317199707, 1.7662742137908936, 8.844454765319824, 2.8254594802856445, 13.07926082611084, 32.15129852294922, 64.77794647216797, 8.01963996887207, 9.80663013458252, 4.947347640991211, 5.737529277801514, 157.73809814453125, 7.744314670562744, 0.7014027833938599, 0.12115165591239929, 19.029443740844727, 79.24217224121094, 33.92856979370117, 18.589481353759766, 30.1951847076416]
ueos: [0.0013811647659167647, 0.15837344527244568, 0.23444010317325592, 0.2824859321117401, 0.31755197048187256, 0.3459053337574005, 0.369998037815094, 0.39043232798576355, 0.40741002559661865, 0.42174941301345825, 0.4313892424106598, 0.4352545440196991, 0.4309675097465515, 0.40829896926879883, 0.3157837986946106, 0.08039961010217667, 0.030429905280470848, 0.018710048869252205, 0.012769156135618687, 0.00861461739987135, 0.005280417390167713, 0.0026435507461428642]
mean_FN_coverage: [0.704530656337738, 0.6824464797973633, 0.6623714566230774, 0.6456194519996643, 0.6287057995796204, 0.6109172701835632, 0.589348316192627, 0.5677304267883301, 0.5438728332519531, 0.5189781785011292, 0.4883571267127991, 0.4463898837566376, 0.39782392978668213, 0.33283084630966187, 0.20975305140018463, 0.037553202360868454, 0.011482950299978256, 0.005789103917777538, 0.0037368061020970345, 0.0021266869734972715, 0.0015648866537958384, 0.0007825985667295754]
size_entirely_missed_lesions: [nan, 4.056818008422852, 3.7058823108673096, 3.6533334255218506, 3.51111102104187, 3.464052200317383, 3.4845938682556152, 3.514634132385254, 3.4562900066375732, 3.5019686222076416, 3.5044562816619873, 3.451200008392334, 3.5264663696289062, 3.5202531814575195, 3.6281352043151855, 3.7110912799835205, 3.728471040725708, 3.7451839447021484, 3.7609074115753174, 3.7665505409240723, 3.7665505409240723, 3.8026087284088135]
mean_missed_lesion_coverage: [1.0, 0.8891041874885559, 0.7981087565422058, 0.7298412919044495, 0.6691746115684509, 0.6104788780212402, 0.5461605787277222, 0.48874759674072266, 0.4316779673099518, 0.38635385036468506, 0.33923766016960144, 0.28293099999427795, 0.23146849870681763, 0.17558957636356354, 0.10201322287321091, 0.012899164110422134, 0.005241927690804005, 0.0036188752856105566, 0.00279245525598526, 0.0014153080992400646, 0.0007370085222646594, 0.00031346449395641685]
prop_entirely_missed: [0.0, 0.01434159092605114, 0.027705345302820206, 0.036668840795755386, 0.044002607464790344, 0.04986962303519249, 0.05818122625350952, 0.06681877374649048, 0.07643415778875351, 0.08279009163379669, 0.09142763912677765, 0.10185788571834564, 0.11391786485910416, 0.12874837219715118, 0.14944589138031006, 0.18220339715480804, 0.1854628473520279, 0.18611472845077515, 0.1867666244506836, 0.18709257245063782, 0.18709257245063782, 0.18741852045059204]
