bras: 0.9159200402597586
ece: 0.0762539382889265
dice: 0.7599999904632568
f1: 0.7200000286102295
avd: 20.34000015258789
hd95: 3.890000104904175
recall: 0.7200000286102295
max ueo: 0.4352545440196991
undetected clusters at max ueo: 0.10185788571834564
confidences: [           nan 4.96295688e-04 7.53199831e-02 1.29595235e-01
 1.82850674e-01 2.35936373e-01 2.88783401e-01 3.41595292e-01
 3.94377500e-01 4.47059900e-01 4.99782801e-01 5.52674949e-01
 6.05226278e-01 6.58061385e-01 7.11053610e-01 7.63930380e-01
 8.16701353e-01 8.69804025e-01 9.23903763e-01 9.83336568e-01]
accuracies: [           nan 6.57671262e-05 6.76626835e-02 1.08039475e-01
 1.49461043e-01 1.90035222e-01 2.33053565e-01 2.63372909e-01
 3.06907952e-01 3.50977410e-01 3.83490400e-01 4.38035636e-01
 4.77113093e-01 5.26949737e-01 5.82217973e-01 6.40669583e-01
 7.05837756e-01 7.82639262e-01 8.62493607e-01 9.62641864e-01]
