confidences: [       nan 0.00389137 0.07421267 0.12922122 0.18261699 0.23592713
 0.28868768 0.34154335 0.39444605 0.44713134 0.49976707 0.55253923
 0.6052379  0.65826368 0.7109648  0.76367021 0.81671375 0.86996192
 0.92419219 0.97903186]
accuracies: [           nan 6.49622080e-05 4.62222647e-02 8.57076763e-02
 1.24795375e-01 1.58265732e-01 2.00922959e-01 2.35249643e-01
 2.71598390e-01 3.18541113e-01 3.57762374e-01 4.04345332e-01
 4.55748110e-01 5.04984649e-01 5.61703089e-01 6.18732039e-01
 6.90933728e-01 7.64018603e-01 8.59898558e-01 9.70080146e-01]
ind_eces: [0.031087581130276782, 0.05642879272581737, 0.12976280693755995, 0.1735968150550412, 0.1346557799738814, 0.12914576117379464, 0.09620952908012098, 0.07073208855333993, 0.03754984688940535, 0.1336140023992917, 0.16296788149650354, 0.07411370002975987, 0.041409544036008376, 0.06476205772896534, 0.05136113990823284, 0.15736349523080329, 0.2392645055345599, 0.06799975473342025, 0.12013904799007236, 0.11685483290358493, 0.22135303498415615, 0.19385340689952027, 0.014587103534224037, 0.09786504791971552, 0.20091840830832344, 0.2329253540614735, 0.13092351924784693, 0.11319978555152425, 0.16881950751172758, 0.1485552704269655, 0.02624041443606094, 0.16834627172918568, 0.06178650815450257, 0.1514883775721848, 0.17313604122155934, 0.13344833423864133, 0.16133411257243793, 0.052979002619869285, 0.2801919883710126, 0.19404101931037657, 0.17226312033482655, 0.2693410996073436, 0.18443160267316777, 0.13971590226246283, 0.14291709117849824, 0.0255551450730001, 0.20610135282556227, 0.06392720874321384, 0.10742786625817884, 0.07324254339149591, 0.11559405622193619, 0.04481329912393834, 0.04935597537376073, 0.16574998579074796, 0.06462175145279193, 0.07111106256389407, 0.059049608694500426, 0.08749077815442567, 0.055151808562711416, 0.2268330476041322, 0.08997426277373065, 0.12070141511953482, 0.056485037252375206, 0.11743399846533492, 0.029859586725080784, 0.12132726530078891, 0.16738732350129704, 0.1719122191780587, 0.16039415008035743, 0.053459311832802565, 0.16387198260462424, 0.39005332845401514, 0.19579426525502353, 0.18609263624829284, 0.06302998953429834, 0.06912234699205742, 0.12895859491698347, 0.07778525439707823, 0.15433137638877678, 0.0774530014051969, 0.06709146821443437, 0.06017190499683692, 0.05562860517011284, 0.03942697003615439, 0.016398963692773567, 0.0659801034980335, 0.10463021799160811, 0.17013176766900098, 0.19246557992840052, 0.16510678150894903, 0.012176158079916148, 0.08113927140617157, 0.01899769397805355, 0.0441600304819699, 0.16460916776868462, 0.27097726012885126, 0.3410604971712979, 0.1583386612265421, 0.04534704419593371, 0.1581375673409617, 0.09769602488865364, 0.35993309729803336, 0.057943108463797494, 0.15712977355975744, 0.028104617730117434, 0.16918488316377217, 0.3073500975236738, 0.052628869267803996, 0.06571286656662084, 0.23715889751099598]
ind_hd95s: [7.874007701873779, 1.0, 1.4142135381698608, 32.07799530029297, 1.0, 1.4142135381698608, 2.0, 7.186040878295898, 2.0590169429779053, 1.4142135381698608, 1.0, 1.0, 10.215158462524414, 1.0, 6.082762718200684, 2.2360680103302, 3.0162277221679688, 18.0499267578125, 1.4142135381698608, 4.123105525970459, 2.0, 1.4142135381698608, 1.0, 5.530284404754639, 1.4142135381698608, 1.4142135381698608, 1.0, 1.0, 2.2360680103302, 6.355381965637207, 5.0, 1.0, 4.620319843292236, 1.0, 1.0, 2.4494898319244385, 2.4494898319244385, 1.4142135381698608, 2.0, 2.0, 1.0, 2.4494898319244385, 4.123105525970459, 8.935806274414062, 1.7320507764816284, 6.711910247802734, 1.0, 1.4142135381698608, 22.776412963867188, 2.2360680103302, 1.4142135381698608, 1.0, 1.0, 8.390172958374023, 6.040246963500977, 4.731276035308838, 9.912089347839355, 1.4142135381698608, 9.251988410949707, 2.8284270763397217, 1.0, 1.0, 1.0, 1.4459972381591797, 1.0, 1.0, 1.0, 1.0, 2.0, 12.86454963684082, 1.4142135381698608, 17.029386520385742, 1.4142135381698608, 2.2360680103302, 1.0, 1.0, 1.4142135381698608, 1.0, 17.2625789642334, 4.874772548675537, 6.164413928985596, 4.03693151473999, 13.687867164611816, 1.0, 1.4142135381698608, 4.898979663848877, 1.4142135381698608, 11.224971771240234, 5.385164737701416, 6.2524919509887695, 3.0, 1.0, 1.0, 1.4142135381698608, 1.0, 4.123105525970459, 11.96654987335205, 14.48274040222168, 6.526575565338135, 1.4142135381698608, 1.0, 26.51789665222168, 1.6525914669036865, 5.328461170196533, 1.0, 3.7416574954986572, 20.324832916259766, 22.09296417236328, 1.4142135381698608, 3.1622776985168457]
ind_dices: [0.7221823334693909, 0.8731763362884521, 0.7916528582572937, 0.5072165131568909, 0.8423645496368408, 0.7770047187805176, 0.6641075015068054, 0.6931034326553345, 0.7018066644668579, 0.768836498260498, 0.8091857433319092, 0.8669707775115967, 0.6217851638793945, 0.8990672826766968, 0.6930800676345825, 0.7941006422042847, 0.6879206299781799, 0.3488371968269348, 0.7226678133010864, 0.572519063949585, 0.7130999565124512, 0.8116644620895386, 0.8501353859901428, 0.6695610284805298, 0.6986265778541565, 0.7388045191764832, 0.8136962652206421, 0.8817216157913208, 0.6038185954093933, 0.5759745240211487, 0.6699900031089783, 0.8321713805198669, 0.6047999858856201, 0.8500785827636719, 0.8314157128334045, 0.7895205616950989, 0.6970100998878479, 0.7427550554275513, 0.7798363566398621, 0.7100146412849426, 0.8621248006820679, 0.7245419025421143, 0.6723699569702148, 0.5978260636329651, 0.7643110752105713, 0.7026116251945496, 0.83950275182724, 0.7953498959541321, 0.46355685591697693, 0.8336483836174011, 0.7828734517097473, 0.9035363793373108, 0.9159546494483948, 0.65742027759552, 0.728992760181427, 0.66131192445755, 0.668136715888977, 0.8017253279685974, 0.7732293605804443, 0.7755430340766907, 0.8549678921699524, 0.8891597390174866, 0.8884037137031555, 0.7984165549278259, 0.8573302030563354, 0.870956301689148, 0.8728822469711304, 0.8916293382644653, 0.7391369342803955, 0.6433566212654114, 0.7236331105232239, 0.38328781723976135, 0.8154715895652771, 0.7853957414627075, 0.8601146936416626, 0.8865776658058167, 0.8842127323150635, 0.8662939071655273, 0.765424370765686, 0.7852834463119507, 0.6619883179664612, 0.6966556906700134, 0.5870535969734192, 0.8630375266075134, 0.7930503487586975, 0.7710612416267395, 0.7868852615356445, 0.6642599105834961, 0.7019782066345215, 0.8016784191131592, 0.8672388195991516, 0.9048653244972229, 0.9075232744216919, 0.7972487807273865, 0.8572755455970764, 0.7235528826713562, 0.45487043261528015, 0.6857143044471741, 0.6495079398155212, 0.8186878561973572, 0.8248160481452942, 0.3468128740787506, 0.8017162084579468, 0.7052779197692871, 0.8963298201560974, 0.744745135307312, 0.4412776529788971, 0.5361841917037964, 0.860541820526123, 0.770336925983429]
ind_avds: [21.066152572631836, 4.314289569854736, 16.960115432739258, 21.03321075439453, 14.125200271606445, 14.777358055114746, 4.581151962280273, 4.713804721832275, 10.148514747619629, 20.14104461669922, 22.238990783691406, 5.654073715209961, 36.58837890625, 2.7833306789398193, 28.285181045532227, 15.317559242248535, 53.866905212402344, 66.66666412353516, 16.544790267944336, 8.759123802185059, 44.57193374633789, 23.00919532775879, 5.205533981323242, 2.946768045425415, 43.010074615478516, 47.0560302734375, 15.392583847045898, 10.752813339233398, 27.100271224975586, 7.768595218658447, 19.928186416625977, 23.156707763671875, 14.540059089660645, 17.77321434020996, 20.64017677307129, 10.522088050842285, 21.001684188842773, 3.433476448059082, 46.24826431274414, 34.23114776611328, 17.674819946289062, 58.19544982910156, 31.655061721801758, 3.3149170875549316, 21.803852081298828, 24.27831268310547, 29.455127716064453, 1.8700114488601685, 34.698795318603516, 0.04199916124343872, 13.965798377990723, 4.3352251052856445, 2.3475053310394287, 39.53488540649414, 23.823530197143555, 34.73451232910156, 34.63992691040039, 5.7404327392578125, 7.142857074737549, 44.68503952026367, 8.171013832092285, 11.080617904663086, 1.024140477180481, 11.18971061706543, 3.504251480102539, 9.164938926696777, 15.202739715576172, 14.782480239868164, 26.40297508239746, 22.360248565673828, 31.626296997070312, 289.1885070800781, 26.269018173217773, 27.737226486206055, 4.450207233428955, 3.2795071601867676, 14.058198928833008, 6.771263599395752, 14.872139930725098, 4.4811320304870605, 15.865039825439453, 8.91089153289795, 25.680932998657227, 0.11600255221128464, 10.462693214416504, 4.272834300994873, 6.081080913543701, 28.296703338623047, 38.816043853759766, 20.501583099365234, 6.227727890014648, 4.576760768890381, 3.6995432376861572, 1.2304420471191406, 18.14383316040039, 58.41392517089844, 142.7258758544922, 11.947627067565918, 17.54143714904785, 17.742897033691406, 9.462641716003418, 234.2261962890625, 0.5531653165817261, 14.529058456420898, 1.5535918474197388, 25.681570053100586, 135.25535583496094, 32.96703338623047, 11.526701927185059, 33.650943756103516]
ueos: [0.0014860115479677916, 0.0018482569139450788, 0.08815392851829529, 0.18084147572517395, 0.24204078316688538, 0.29101353883743286, 0.3287700414657593, 0.35724958777427673, 0.3806499242782593, 0.39946669340133667, 0.41372427344322205, 0.4221831262111664, 0.42424651980400085, 0.41256847977638245, 0.3670412003993988, 0.17714111506938934, 0.05101439729332924, 0.01992269791662693, 0.010873858816921711, 0.006798466667532921, 0.0039597488939762115, 0.0018921877490356565]
mean_FN_coverage: [0.7208278775215149, 0.7177071571350098, 0.6972643733024597, 0.6722675561904907, 0.6480660438537598, 0.6253461837768555, 0.6006307601928711, 0.575262188911438, 0.5490089654922485, 0.5209396481513977, 0.4905339777469635, 0.4517799913883209, 0.40708255767822266, 0.34415504336357117, 0.2516228258609772, 0.07893139123916626, 0.018378205597400665, 0.006722192279994488, 0.003524340223520994, 0.0019828942604362965, 0.0009413551888428628, 0.0002902209525927901]
size_entirely_missed_lesions: [nan, 5.4285712242126465, 5.199999809265137, 4.132596492767334, 3.798534870147705, 3.652421712875366, 3.897911787033081, 3.735177755355835, 3.6469595432281494, 3.6934523582458496, 3.6833558082580566, 3.6734206676483154, 3.613247871398926, 3.705716848373413, 3.7782323360443115, 3.8609957695007324, 3.8726158142089844, 3.874235153198242, 3.896130323410034, 3.896130323410034, 3.900271415710449, 3.918699264526367]
mean_missed_lesion_coverage: [1.0, 0.9873716235160828, 0.9073683619499207, 0.8125953674316406, 0.7264530658721924, 0.6527255177497864, 0.5809725522994995, 0.5092542767524719, 0.441540002822876, 0.3823202848434448, 0.32969823479652405, 0.2698841989040375, 0.21070119738578796, 0.1478571742773056, 0.08294160664081573, 0.010414388962090015, 0.002468404360115528, 0.0010977850761264563, 0.0006440017023123801, 0.0004102588864043355, 0.00028613340691663325, 8.46310067572631e-05]
prop_entirely_missed: [0.0, 0.001140808337368071, 0.013852672651410103, 0.029498044401407242, 0.04449152573943138, 0.05720338970422745, 0.07024119794368744, 0.08246414363384247, 0.09647978842258453, 0.10951760411262512, 0.12043676525354385, 0.1367340236902237, 0.1525423675775528, 0.17389178276062012, 0.19915254414081573, 0.2356584072113037, 0.23924380540847778, 0.23973272740840912, 0.24005867540836334, 0.24005867540836334, 0.24022164940834045, 0.24054758250713348]
