bras: 0.88992673655351
ece: 0.09728661325771339
dice: 0.75
f1: 0.6600000262260437
avd: 24.969999313354492
hd95: 4.630000114440918
recall: 0.6299999952316284
max ueo: 0.42424651980400085
undetected clusters at max ueo: 0.1525423675775528
confidences: [       nan 0.00389137 0.07421267 0.12922122 0.18261699 0.23592713
 0.28868768 0.34154335 0.39444605 0.44713134 0.49976707 0.55253923
 0.6052379  0.65826368 0.7109648  0.76367021 0.81671375 0.86996192
 0.92419219 0.97903186]
accuracies: [           nan 6.49622080e-05 4.62222647e-02 8.57076763e-02
 1.24795375e-01 1.58265732e-01 2.00922959e-01 2.35249643e-01
 2.71598390e-01 3.18541113e-01 3.57762374e-01 4.04345332e-01
 4.55748110e-01 5.04984649e-01 5.61703089e-01 6.18732039e-01
 6.90933728e-01 7.64018603e-01 8.59898558e-01 9.70080146e-01]
