confidences: [           nan 1.55610964e-04 7.47730210e-02 1.29059523e-01
 1.82482451e-01 2.35569373e-01 2.88569629e-01 3.41342360e-01
 3.94144624e-01 4.46960747e-01 4.99669909e-01 5.52518129e-01
 6.05334640e-01 6.58013225e-01 7.10775197e-01 7.63783932e-01
 8.16679418e-01 8.69943202e-01 9.23235536e-01 9.69585359e-01]
accuracies: [           nan 6.92569400e-05 1.12205615e-02 2.95523444e-02
 5.78881801e-02 9.29232549e-02 1.33129918e-01 1.86886688e-01
 2.41674886e-01 2.98495118e-01 3.66374179e-01 4.30540629e-01
 5.08395856e-01 5.83209981e-01 6.60520310e-01 7.46991185e-01
 8.27684661e-01 9.04646583e-01 9.63570174e-01 9.89078462e-01]
ind_eces: [0.096106914720544, 0.06889598514990102, 0.17319539532863987, 0.23662430987991792, 0.16610472292190126, 0.13916036188796962, 0.2162803354227253, 0.19433616316872454, 0.07165653353585129, 0.1656722460605971, 0.14709262577342472, 0.07163111175288289, 0.13262704799927225, 0.0774048255440125, 0.06250345760442909, 0.19821052974926623, 0.28175742342004567, 0.06702745215465059, 0.1842788565573625, 0.18624409729250552, 0.2481419701671328, 0.15756696382486404, 0.04714395688149495, 0.18546833207390323, 0.19662280533810714, 0.23526888329647871, 0.15098826373234875, 0.07643067011346222, 0.24153493561855655, 0.1963471971229116, 0.11659279280377587, 0.17458385303421992, 0.16899985843507107, 0.17957082287853307, 0.18840448844927404, 0.1413467862468512, 0.18628063260421268, 0.1188014565603731, 0.24946965671240554, 0.23846106329812333, 0.09030446863492363, 0.18250759519015566, 0.13366321496629419, 0.20929756130665733, 0.13115416974366523, 0.06545483572045462, 0.1658015605780607, 0.07458796541465311, 0.1505602069127022, 0.08473567773407173, 0.12850836371583896, 0.09914442142614537, 0.08921422283130544, 0.18142468338848025, 0.07677908102973305, 0.10328978013410087, 0.07611008686493556, 0.07485732554921101, 0.0865230910238873, 0.14831869245246299, 0.08542877049557217, 0.09753307104668561, 0.10038018897279412, 0.11604236159223517, 0.07208029031060148, 0.09804390874941302, 0.1129120953051532, 0.1230926623110491, 0.10085148550608743, 0.13367966234806614, 0.10137731322881147, 0.26029513227122636, 0.14469087455192806, 0.15964295179654459, 0.08434435863873674, 0.09865620621222909, 0.15913004570055525, 0.09104360017789621, 0.09665556869360009, 0.12557943672827077, 0.1454638148404505, 0.11213031419767727, 0.16088939832721444, 0.048470081786210505, 0.055602320529296784, 0.07913405571527415, 0.1625632078503067, 0.1983251221141901, 0.1575693047625579, 0.16416945050037876, 0.054328708495207906, 0.06749345131129975, 0.06736758109725559, 0.0427226446541172, 0.14437732217978924, 0.24874990069868375, 0.3377586436783853, 0.21102607264994358, 0.12054394882000755, 0.15240761022107552, 0.1326483837872105, 0.3652141319755519, 0.12492860841007837, 0.263463438717938, 0.06418802980949004, 0.15023992814519915, 0.32713989567674423, 0.15293630457157764, 0.06785857697072185, 0.2684812498070468]
ind_hd95s: [4.123105525970459, 1.0, 2.0, 25.53104019165039, 1.4142135381698608, 1.4142135381698608, 2.2360680103302, 3.0973665714263916, 2.0, 2.8284270763397217, 1.0, 1.0, 10.049875259399414, 1.0, 3.316624879837036, 1.7320507764816284, 3.464101552963257, 8.354604721069336, 2.4494898319244385, 2.2894234657287598, 4.358899116516113, 2.2360680103302, 1.0, 3.0, 2.0, 1.7320507764816284, 1.4142135381698608, 1.0, 4.224710464477539, 4.046815872192383, 3.464101552963257, 1.0, 4.123105525970459, 1.4142135381698608, 1.0, 5.099019527435303, 3.1622776985168457, 1.4142135381698608, 2.0, 2.4494898319244385, 1.0, 1.7320507764816284, 3.1622776985168457, 5.099019527435303, 1.55724036693573, 6.492114067077637, 1.4142135381698608, 1.4142135381698608, 21.595109939575195, 2.2360680103302, 1.4142135381698608, 1.4142135381698608, 1.0, 7.6157732009887695, 4.949489593505859, 8.206061363220215, 9.643651008605957, 1.4142135381698608, 8.485280990600586, 1.4142135381698608, 1.0, 1.0, 1.0, 1.4142135381698608, 1.4142135381698608, 1.4142135381698608, 1.0, 1.0, 1.4142135381698608, 10.049875259399414, 1.4142135381698608, 15.264337539672852, 1.4142135381698608, 3.1622776985168457, 1.4142135381698608, 1.0, 1.7320507764816284, 1.4142135381698608, 17.308921813964844, 3.7416574954986572, 8.249232292175293, 5.830951690673828, 13.928388595581055, 1.4142135381698608, 2.0, 6.480740547180176, 2.2360680103302, 7.245606422424316, 5.099019527435303, 5.656854152679443, 5.099019527435303, 1.0, 1.0, 1.4142135381698608, 1.0, 4.123105525970459, 17.57839584350586, 13.964240074157715, 5.099019527435303, 1.4142135381698608, 1.0, 23.724458694458008, 2.0, 11.061172485351562, 1.0, 3.1622776985168457, 19.146732330322266, 12.083045959472656, 1.4142135381698608, 4.898979663848877]
ind_dices: [0.732525646686554, 0.8642082214355469, 0.756510853767395, 0.49766719341278076, 0.8310003876686096, 0.7680164575576782, 0.6483342051506042, 0.6693877577781677, 0.693381667137146, 0.7062761783599854, 0.8096732497215271, 0.8627825379371643, 0.6506602764129639, 0.8945377469062805, 0.6873767375946045, 0.7772446870803833, 0.61900395154953, 0.46431970596313477, 0.6964617967605591, 0.5880551338195801, 0.6616094708442688, 0.8102623820304871, 0.8422598242759705, 0.6647446751594543, 0.6842505931854248, 0.7163053750991821, 0.7959915399551392, 0.8788754343986511, 0.5587668418884277, 0.5897265076637268, 0.6854175925254822, 0.8169179558753967, 0.5741688013076782, 0.8362171649932861, 0.8135387897491455, 0.765394389629364, 0.6845185160636902, 0.7391062378883362, 0.7715489268302917, 0.6723029017448425, 0.8664513826370239, 0.7693317532539368, 0.6985833048820496, 0.5681581497192383, 0.7581648230552673, 0.7106918096542358, 0.8390642404556274, 0.7838051319122314, 0.5717592835426331, 0.820752739906311, 0.79405677318573, 0.8804186582565308, 0.9039917588233948, 0.6589446663856506, 0.7414584159851074, 0.6754490733146667, 0.6778324842453003, 0.7907242774963379, 0.7741132378578186, 0.8024969696998596, 0.8486572504043579, 0.8929845690727234, 0.8822633624076843, 0.7799577713012695, 0.8377019762992859, 0.8746874332427979, 0.885441243648529, 0.8966156244277954, 0.7502000331878662, 0.6138328313827515, 0.7455853223800659, 0.6199571490287781, 0.8294421434402466, 0.7859888672828674, 0.851632833480835, 0.8824328780174255, 0.8339017033576965, 0.8578451871871948, 0.7726330161094666, 0.7933884263038635, 0.654941976070404, 0.6662207245826721, 0.6148532032966614, 0.8524786233901978, 0.7692307829856873, 0.7676493525505066, 0.7572977542877197, 0.6551724076271057, 0.7088964581489563, 0.7859445810317993, 0.8517166972160339, 0.895368218421936, 0.9005292057991028, 0.7887957692146301, 0.8493533730506897, 0.7172242999076843, 0.4118552803993225, 0.6513158082962036, 0.655525267124176, 0.8028066158294678, 0.8085399270057678, 0.29253730177879333, 0.7888857126235962, 0.5780104994773865, 0.887429416179657, 0.7419931888580322, 0.3873370587825775, 0.5685884952545166, 0.8495710492134094, 0.6880723237991333]
ind_avds: [6.743738174438477, 0.8977208137512207, 29.033416748046875, 37.269371032714844, 22.792938232421875, 19.924528121948242, 47.51308822631836, 47.47474670410156, 4.985855579376221, 24.729665756225586, 22.952394485473633, 1.8118735551834106, 5.933250904083252, 3.2600338459014893, 10.997203826904297, 27.117061614990234, 94.33453369140625, 37.054264068603516, 45.42961502075195, 38.3211669921875, 67.60812377929688, 19.158540725708008, 3.384094715118408, 30.798479080200195, 48.299747467041016, 51.89933395385742, 25.33664894104004, 6.710358619689941, 81.30081176757812, 47.76859664916992, 7.450628280639648, 30.304397583007812, 32.04747772216797, 29.431896209716797, 27.45585060119629, 10.441766738891602, 37.33164978027344, 10.417479515075684, 47.4525260925293, 66.45446014404297, 5.862802505493164, 36.375389099121094, 19.282270431518555, 65.46961212158203, 25.218914031982422, 11.695040702819824, 27.435897827148438, 2.2120866775512695, 8.192770957946777, 2.47795033454895, 16.4902286529541, 13.078130722045898, 7.612624168395996, 58.13953399658203, 7.745098114013672, 15.265486717224121, 14.94986343383789, 6.267332077026367, 1.378446102142334, 27.047245025634766, 2.690656900405884, 1.9554030895233154, 7.802974700927734, 13.054662704467773, 7.8201494216918945, 1.3325437307357788, 5.811512470245361, 7.679786682128906, 11.257606506347656, 15.527950286865234, 11.626297950744629, 94.22882843017578, 19.146358489990234, 22.881624221801758, 5.280083179473877, 4.028633117675781, 24.154541015625, 5.169281482696533, 5.248990535736084, 0.2358490526676178, 4.091887950897217, 1.845184564590454, 25.291828155517578, 6.008932113647461, 6.8153395652771, 2.116816997528076, 23.485553741455078, 46.978023529052734, 32.56845474243164, 26.5887508392334, 6.99983024597168, 3.215951919555664, 4.703063011169434, 4.22299861907959, 17.346162796020508, 60.15473937988281, 197.85604858398438, 48.77250289916992, 2.4861879348754883, 18.040929794311523, 17.597944259643555, 398.21429443359375, 14.56668758392334, 87.07415008544922, 0.7482896447181702, 20.89694595336914, 242.33937072753906, 7.280219554901123, 13.483489990234375, 45.67760467529297]
ueos: [0.0015639291377738118, 0.10717841982841492, 0.1344626247882843, 0.16353276371955872, 0.19379164278507233, 0.22451306879520416, 0.2557120621204376, 0.28701311349868774, 0.3183021545410156, 0.3499003052711487, 0.38017213344573975, 0.40768182277679443, 0.428559809923172, 0.4217124283313751, 1.9610344679676928e-05, 0.0, 0.0, 0.0, 0.0, 0.0, 0.0, 0.0]
mean_FN_coverage: [0.6882333755493164, 0.5965989828109741, 0.5898018479347229, 0.5850233435630798, 0.5781229138374329, 0.5711688995361328, 0.5635560750961304, 0.5533222556114197, 0.5406702160835266, 0.5226115584373474, 0.4961570203304291, 0.4598985016345978, 0.40502113103866577, 0.31269192695617676, 5.890576630918076e-06, 0.0, 0.0, 0.0, 0.0, 0.0, 0.0, 0.0]
size_entirely_missed_lesions: [nan, 5.105158805847168, 5.04315185546875, 4.974637508392334, 4.877586364746094, 4.784539699554443, 4.740446090698242, 4.686635971069336, 4.6095380783081055, 4.554285526275635, 4.4879679679870605, 4.341523170471191, 4.210409641265869, 4.235004901885986, 4.167286396026611, 4.167286396026611, 4.167286396026611, 4.167286396026611, 4.167286396026611, 4.167286396026611, 4.167286396026611, 4.167286396026611]
mean_missed_lesion_coverage: [1.0, 0.5943442583084106, 0.5685070753097534, 0.551297664642334, 0.5267192125320435, 0.5033113956451416, 0.48148882389068604, 0.4551553726196289, 0.4274202585220337, 0.39128074049949646, 0.3459183871746063, 0.28585246205329895, 0.2136644572019577, 0.14059476554393768, 0.0, 0.0, 0.0, 0.0, 0.0, 0.0, 0.0, 0.0]
prop_entirely_missed: [0.0, 0.08213820308446884, 0.0868644043803215, 0.08996088802814484, 0.09452412277460098, 0.09908735007047653, 0.10234680771827698, 0.10609517246484756, 0.10935463011264801, 0.11408083140850067, 0.12190352380275726, 0.13265971839427948, 0.1471642702817917, 0.1657431572675705, 0.21919816732406616, 0.21919816732406616, 0.21919816732406616, 0.21919816732406616, 0.21919816732406616, 0.21919816732406616, 0.21919816732406616, 0.21919816732406616]
