bras: 0.8600158554812272
ece: 0.08635875733472784
dice: 0.7400000095367432
f1: 0.6600000262260437
avd: 29.420000076293945
hd95: 4.360000133514404
recall: 0.6899999976158142
max ueo: 0.428559809923172
undetected clusters at max ueo: 0.1471642702817917
confidences: [           nan 1.55610964e-04 7.47730210e-02 1.29059523e-01
 1.82482451e-01 2.35569373e-01 2.88569629e-01 3.41342360e-01
 3.94144624e-01 4.46960747e-01 4.99669909e-01 5.52518129e-01
 6.05334640e-01 6.58013225e-01 7.10775197e-01 7.63783932e-01
 8.16679418e-01 8.69943202e-01 9.23235536e-01 9.69585359e-01]
accuracies: [           nan 6.92569400e-05 1.12205615e-02 2.95523444e-02
 5.78881801e-02 9.29232549e-02 1.33129918e-01 1.86886688e-01
 2.41674886e-01 2.98495118e-01 3.66374179e-01 4.30540629e-01
 5.08395856e-01 5.83209981e-01 6.60520310e-01 7.46991185e-01
 8.27684661e-01 9.04646583e-01 9.63570174e-01 9.89078462e-01]
