confidences: [       nan 0.01537793 0.05922264 0.13370621 0.16763727 0.23552118
 0.28871021 0.34138751 0.39442798 0.44707087 0.49980918 0.55272782
 0.60527682 0.658135   0.71100354 0.76375437 0.81679893 0.87016982
 0.92429048 0.97732258]
accuracies: [           nan 1.04749849e-04 1.19518636e-04 2.96204899e-04
 6.23776688e-03 1.33898418e-01 1.74652404e-01 2.13768116e-01
 2.51541800e-01 2.90524864e-01 3.36223951e-01 3.83745301e-01
 4.33256751e-01 4.77132066e-01 5.33668696e-01 5.95711582e-01
 6.67657235e-01 7.45773712e-01 8.45064250e-01 9.34741991e-01]
ind_eces: [0.21385853251801412, 0.08387869050415593, 0.2463112990668523, 0.3228049548767197, 0.21419546659561522, 0.22477641032631202, 0.30169630872416153, 0.27815985125333553, 0.16794087127524782, 0.25689317114225274, 0.1852744986432209, 0.07425653964031684, 0.25583855578531006, 0.07025106323084279, 0.17311339506849896, 0.2456340532262571, 0.3580723916142128, 0.2295536497639826, 0.28796796545340964, 0.2656953304372203, 0.3397619340317553, 0.1786513554277355, 0.07513141274620581, 0.295016722818842, 0.2955825500479014, 0.3015193096896631, 0.20525602619636452, 0.09435148296735157, 0.3578174975692916, 0.3584705519633905, 0.22814913030276351, 0.23756073084978327, 0.30008220949948744, 0.21908501836911007, 0.23554503327305534, 0.212327769729055, 0.27885441531666133, 0.23899042478026278, 0.2875919065821581, 0.3267164953411507, 0.11462389596950048, 0.251658418379242, 0.2509329870254259, 0.3310145124647023, 0.2115098405219485, 0.16636362209256117, 0.21370238761998248, 0.20325630536339728, 0.2703609684877353, 0.11616863061372953, 0.1782853354699569, 0.07827760834955029, 0.07289747445525849, 0.2818332779544591, 0.11493422564771096, 0.16681912605837937, 0.1956334371418247, 0.07844235114780726, 0.10932180538268511, 0.19553065501476602, 0.05802408244399118, 0.07698337576576701, 0.05117845622532228, 0.15663657764352065, 0.04728634471221453, 0.08775905937412096, 0.10660766009132913, 0.10133569345957957, 0.1684854268279311, 0.2251620340692404, 0.17705615795923973, 0.3134062732257901, 0.15842705636465335, 0.20258108559210258, 0.04473213721535865, 0.05839555972542217, 0.1626095298290283, 0.059835641898472174, 0.13992184438567223, 0.10432111760108734, 0.263646227977699, 0.21119732257794718, 0.35875384535996246, 0.03855769560382206, 0.13605564027030168, 0.112903735946957, 0.2574960032184255, 0.3397848642460467, 0.24765616581100425, 0.2041107348643848, 0.02856279857304263, 0.05137379718106469, 0.04585791743128806, 0.07937488619382668, 0.15088579785972855, 0.29204712999284194, 0.41357155439240834, 0.3206976222301437, 0.21293773679428638, 0.19311067666437035, 0.18748537160823212, 0.43269336329205976, 0.16603631230155413, 0.35481690128376026, 0.04855847240492582, 0.22322823374907858, 0.4133771733903608, 0.3252505618592106, 0.05572421729634073, 0.21376315707849758]
ind_hd95s: [4.4721360206604, 1.0, 3.1622776985168457, 26.992490768432617, 2.0, 1.7320507764816284, 2.2360680103302, 18.313032150268555, 2.2360680103302, 2.0, 1.4142135381698608, 1.0, 13.949899673461914, 1.0, 5.0, 5.0, 10.21760368347168, 14.456831932067871, 6.7082037925720215, 18.538972854614258, 12.083045959472656, 2.2360680103302, 1.0, 9.24117374420166, 3.605551242828369, 3.605551242828369, 1.4142135381698608, 1.4142135381698608, 8.532258987426758, 9.69536018371582, 8.062257766723633, 1.4142135381698608, 13.072867393493652, 1.7320507764816284, 5.099019527435303, 3.605551242828369, 5.74456262588501, 9.433980941772461, 2.2360680103302, 5.0, 1.0, 2.4494898319244385, 4.242640495300293, 5.987227916717529, 2.2360680103302, 6.651587009429932, 1.986602544784546, 3.316624879837036, 23.354867935180664, 3.464101552963257, 2.2360680103302, 1.4142135381698608, 1.0, 11.90742015838623, 4.582575798034668, 4.158008575439453, 12.083045959472656, 2.0, 9.082825660705566, 2.4494898319244385, 1.0, 1.0, 1.4142135381698608, 2.0, 1.4142135381698608, 2.0, 1.0, 1.0, 2.2360680103302, 11.525875091552734, 3.605551242828369, 15.620499610900879, 1.4142135381698608, 2.2360680103302, 1.0, 1.4142135381698608, 1.4142135381698608, 1.4142135381698608, 17.555622100830078, 9.203226089477539, 12.884099006652832, 4.488701820373535, 17.916473388671875, 1.0, 3.316624879837036, 6.7082037925720215, 3.0, 12.727922439575195, 5.830951690673828, 5.830951690673828, 1.7320507764816284, 1.0, 1.0, 1.7320507764816284, 1.4142135381698608, 5.830951690673828, 15.42724895477295, 11.0136079788208, 7.566318988800049, 2.2360680103302, 1.4142135381698608, 26.046056747436523, 1.4142135381698608, 11.224971771240234, 1.0, 4.582575798034668, 21.17540740966797, 22.158519744873047, 1.4142135381698608, 3.605551242828369]
ind_dices: [0.7016759514808655, 0.8603998422622681, 0.7206274271011353, 0.4518072307109833, 0.8066607117652893, 0.7539373636245728, 0.6122860312461853, 0.6151898503303528, 0.6981472373008728, 0.7174914479255676, 0.7948549389839172, 0.852540135383606, 0.5666486620903015, 0.8848082423210144, 0.6662131547927856, 0.7508467435836792, 0.5402597188949585, 0.44590163230895996, 0.6184895634651184, 0.539130449295044, 0.5682326555252075, 0.8056256771087646, 0.8252835273742676, 0.5910577774047852, 0.6338059902191162, 0.6763990521430969, 0.7682687044143677, 0.8695510029792786, 0.4902723729610443, 0.44970986247062683, 0.637837827205658, 0.7941065430641174, 0.4992150664329529, 0.8210073113441467, 0.7751506567001343, 0.744562566280365, 0.6500319838523865, 0.6828562021255493, 0.7485828995704651, 0.5968468189239502, 0.8606703281402588, 0.7350157499313354, 0.6297038793563843, 0.4741463363170624, 0.7248018383979797, 0.6698216199874878, 0.8144684433937073, 0.7453228831291199, 0.47147470712661743, 0.7950361967086792, 0.7547844648361206, 0.8731944561004639, 0.9081671237945557, 0.5921375751495361, 0.7311089038848877, 0.6340377926826477, 0.6056210398674011, 0.7926101088523865, 0.7531531453132629, 0.7759363651275635, 0.8365257382392883, 0.8947080373764038, 0.8663652539253235, 0.7631734609603882, 0.832878828048706, 0.8616214394569397, 0.8817480802536011, 0.8970567584037781, 0.7262450456619263, 0.595146894454956, 0.6933830380439758, 0.53657066822052, 0.8184882998466492, 0.774355411529541, 0.8481012582778931, 0.8769479393959045, 0.8454545736312866, 0.8455623984336853, 0.7332439422607422, 0.7605466246604919, 0.590727686882019, 0.6375598311424255, 0.39234450459480286, 0.8449486494064331, 0.7450472712516785, 0.7599315643310547, 0.7167133688926697, 0.5002119541168213, 0.6417734622955322, 0.7412793636322021, 0.8482173681259155, 0.8954910039901733, 0.8842137455940247, 0.7706534266471863, 0.8351204991340637, 0.6801089644432068, 0.3270941972732544, 0.550000011920929, 0.6169759631156921, 0.7791454195976257, 0.7854366302490234, 0.2542087435722351, 0.7677456140518188, 0.5132470726966858, 0.882811427116394, 0.7062821984291077, 0.3064270615577698, 0.45200371742248535, 0.8450026512145996, 0.7724480628967285]
ind_avds: [29.929351806640625, 7.966182708740234, 42.831478118896484, 45.01845169067383, 29.970190048217773, 36.72452926635742, 59.9476432800293, 65.9932632446289, 15.664780616760254, 50.992008209228516, 29.318151473999023, 7.793626308441162, 29.048208236694336, 3.9135782718658447, 5.498601913452148, 29.79452133178711, 146.2230224609375, 10.852713584899902, 80.80438995361328, 51.8248176574707, 115.62223815917969, 20.69657325744629, 3.6030654907226562, 61.50189971923828, 79.78589630126953, 73.21937561035156, 31.903873443603516, 13.27572250366211, 148.2384796142578, 141.81817626953125, 32.49551010131836, 38.7373161315918, 83.53115844726562, 33.07095718383789, 38.079471588134766, 21.579652786254883, 63.13131332397461, 42.606319427490234, 53.31171798706055, 104.40744018554688, 9.438979148864746, 45.863494873046875, 40.546329498291016, 83.149169921875, 31.961471557617188, 3.3308660984039307, 33.04487228393555, 26.727479934692383, 23.85542106628418, 3.065938711166382, 27.64657974243164, 11.061466217041016, 4.180795192718506, 70.43189239501953, 0.19607843458652496, 1.1061947345733643, 1.0938924551010132, 0.3605102598667145, 8.64661693572998, 37.55905532836914, 0.06602839380502701, 3.713550567626953, 5.852231025695801, 17.234725952148438, 1.571759819984436, 3.0796566009521484, 6.297646522521973, 8.13850212097168, 21.298173904418945, 43.167701721191406, 22.768165588378906, 134.22378540039062, 19.644540786743164, 27.705490112304688, 1.6804978847503662, 4.511403560638428, 20.487613677978516, 2.378199815750122, 0.8075370192527771, 1.5330188274383545, 33.81191635131836, 25.74257469177246, 165.95330810546875, 0.09280204027891159, 9.358065605163574, 6.232850074768066, 49.53401565551758, 124.03845977783203, 61.82028579711914, 31.044557571411133, 3.902935743331909, 0.7887136340141296, 3.5048303604125977, 1.2304420471191406, 19.625221252441406, 76.05845642089844, 299.0811767578125, 101.14566040039062, 27.002761840820312, 25.988475799560547, 25.797473907470703, 507.1428527832031, 16.472034454345703, 125.25050354003906, 2.9931585788726807, 40.635223388671875, 340.8566589355469, 94.78022003173828, 9.31512451171875, 32.83818817138672]
ueos: [0.0017366176471114159, 0.0020956038497388363, 0.0021419685799628496, 0.0021656162571161985, 0.00217417161911726, 0.00216472614556551, 0.0021485844627022743, 0.002134654438123107, 0.002116651274263859, 0.002101275837048888, 0.0020739836618304253, 0.004362765699625015, 0.005231920164078474, 0.0050284103490412235, 0.004511138424277306, 0.005971160717308521, 0.023389261215925217, 0.0764148011803627, 0.018632717430591583, 0.0014135927194729447, 4.719485787063604e-06, 0.0]
mean_FN_coverage: [0.6732398867607117, 0.6732398867607117, 0.6732172966003418, 0.672978937625885, 0.6706772446632385, 0.6614996790885925, 0.6445395350456238, 0.6197739243507385, 0.5868015289306641, 0.5527148842811584, 0.5163793563842773, 0.4800516963005066, 0.4397149980068207, 0.39308056235313416, 0.3277275860309601, 0.22028560936450958, 0.11533424258232117, 0.042471498250961304, 0.009334269911050797, 0.0009954990819096565, 0.0, 0.0]
size_entirely_missed_lesions: [nan, nan, nan, nan, 1.5, 2.4666666984558105, 3.1818182468414307, 2.834437131881714, 2.861940383911133, 2.8786280155181885, 3.068359375, 3.1648855209350586, 3.203434705734253, 3.283175468444824, 3.3769469261169434, 3.5461056232452393, 3.8399693965911865, 4.010288238525391, 4.021568775177002, 4.018721580505371, 4.019342422485352, 4.019342422485352]
mean_missed_lesion_coverage: [1.0, 1.0, 1.0, 0.9995021224021912, 0.993656575679779, 0.9656412601470947, 0.9133042693138123, 0.835058867931366, 0.7344880700111389, 0.6402809619903564, 0.5448657870292664, 0.46109604835510254, 0.39329904317855835, 0.3282090425491333, 0.26202696561813354, 0.17206327617168427, 0.07957693934440613, 0.028589941561222076, 0.005836480762809515, 0.0003223726525902748, 0.0, 0.0]
prop_entirely_missed: [0.0, 0.0, 0.0, 0.0, 0.00032594523509033024, 0.002444589277729392, 0.010756192728877068, 0.02460886538028717, 0.04367666319012642, 0.061766624450683594, 0.08344198018312454, 0.10674706846475601, 0.12337027490139008, 0.13754889369010925, 0.15694263577461243, 0.18204042315483093, 0.21284224092960358, 0.23761408030986786, 0.24934810400009155, 0.2524445950984955, 0.2527705430984497, 0.2527705430984497]
