bras: 0.622981975475947
ece: 0.1283279446877499
dice: 0.699999988079071
f1: 0.6100000143051147
avd: 45.93000030517578
hd95: 5.920000076293945
recall: 0.6399999856948853
max ueo: 0.0764148011803627
undetected clusters at max ueo: 0.23761408030986786
confidences: [       nan 0.01537793 0.05922264 0.13370621 0.16763727 0.23552118
 0.28871021 0.34138751 0.39442798 0.44707087 0.49980918 0.55272782
 0.60527682 0.658135   0.71100354 0.76375437 0.81679893 0.87016982
 0.92429048 0.97732258]
accuracies: [           nan 1.04749849e-04 1.19518636e-04 2.96204899e-04
 6.23776688e-03 1.33898418e-01 1.74652404e-01 2.13768116e-01
 2.51541800e-01 2.90524864e-01 3.36223951e-01 3.83745301e-01
 4.33256751e-01 4.77132066e-01 5.33668696e-01 5.95711582e-01
 6.67657235e-01 7.45773712e-01 8.45064250e-01 9.34741991e-01]
