confidences: [       nan 0.00100074 0.07470398 0.12944639 0.18289167 0.23578002
 0.28882697 0.34161961 0.39435974 0.44714472 0.49993265 0.55251014
 0.60539985 0.65816587 0.71104425 0.76375258 0.8166827  0.86987174
 0.92377079 0.98281991]
accuracies: [           nan 6.81278493e-05 6.77264669e-02 1.16042136e-01
 1.62041214e-01 2.02621608e-01 2.42303420e-01 2.76164974e-01
 3.09985258e-01 3.58067998e-01 3.99410791e-01 4.40540320e-01
 4.86040507e-01 5.40075372e-01 5.85799032e-01 6.36815920e-01
 7.02563122e-01 7.67838961e-01 8.54652935e-01 9.59655031e-01]
ind_eces: [0.06439131338023868, 0.03364311232304859, 0.11338480870360601, 0.16859532433426727, 0.05133532317720334, 0.1280920054807036, 0.07545657758691578, 0.05902390824503582, 0.03266607296946649, 0.1952774130066128, 0.06769110076801488, 0.01557525576267494, 0.07647835476786988, 0.029752710229122476, 0.08038332475800387, 0.1347417297082645, 0.22130699098359155, 0.05742207085489549, 0.11691923923613906, 0.060190827852486035, 0.20925405251802676, 0.18060968763367446, 0.020099078180479117, 0.07231642257867635, 0.14067596729137505, 0.21814153563777497, 0.11229463263290215, 0.0213092069488393, 0.05497530258230521, 0.05442163033457818, 0.03256871018162707, 0.15412929133846243, 0.04774089887345095, 0.1812094554576466, 0.16285188573249446, 0.13980428406906467, 0.16670612860173314, 0.033406022919594686, 0.2321254854899981, 0.11417652740310717, 0.17721169040399357, 0.19772060674055755, 0.14615368965785247, 0.12784321202866242, 0.09153798944112211, 0.014627024534407014, 0.15797057372503395, 0.07960390557279885, 0.025236120205355463, 0.10504511753921379, 0.1221880139317959, 0.05336168778135771, 0.08996606644530272, 0.19210041571582165, 0.03854424198075568, 0.08016901419649534, 0.06272664581904393, 0.06456384325041499, 0.03978717096484638, 0.23025120215670647, 0.11036919751783975, 0.16731049878536877, 0.09488230711891334, 0.10172020192850727, 0.011702851738515874, 0.1274139848714645, 0.19400415499354132, 0.1848017422704323, 0.16405264236062286, 0.09305062846647975, 0.16838554616195045, 0.40681954338166026, 0.2066735180113924, 0.13553182215225792, 0.0863627262890775, 0.04991148938709364, 0.047623507681848226, 0.06843215361418803, 0.068844912074247, 0.08293343606667859, 0.09034420549726263, 0.020493349303245756, 0.07670803245204767, 0.029640056838798064, 0.03802157068670274, 0.033307266331238226, 0.029589655798631227, 0.057692859289309686, 0.1714760998018416, 0.1491575447574336, 0.09037607523939344, 0.04436738106215253, 0.042893541043139916, 0.02619500382987606, 0.08421049785289486, 0.18897272539670734, 0.1861909790966452, 0.039535970137405806, 0.022420096526662645, 0.10340990419198798, 0.028457184475297895, 0.2909949896707127, 0.04211421815763594, 0.026623296703390507, 0.03361542549666303, 0.16145879840518526, 0.18112557149317957, 0.06436004744302695, 0.09714075214439434, 0.23798763450503063]
ind_hd95s: [2.4494898319244385, 1.0, 1.4142135381698608, 26.621360778808594, 1.0, 1.4142135381698608, 4.4721360206604, 7.071067810058594, 2.4494898319244385, 1.4142135381698608, 1.0, 1.0, 9.238470077514648, 1.0, 4.158966064453125, 1.4142135381698608, 2.2360680103302, 27.817148208618164, 1.4142135381698608, 2.2360680103302, 1.4142135381698608, 1.4142135381698608, 1.0, 4.582575798034668, 1.4142135381698608, 1.4142135381698608, 1.0, 1.0, 2.1416409015655518, 4.995730876922607, 4.242640495300293, 1.0, 8.757684707641602, 1.0, 1.0, 2.0, 3.105480432510376, 2.4494898319244385, 1.4142135381698608, 1.4142135381698608, 1.0, 1.4142135381698608, 3.605551242828369, 10.24695110321045, 1.4142135381698608, 5.099019527435303, 1.0, 1.4142135381698608, 22.621200561523438, 2.2360680103302, 1.4142135381698608, 1.0, 1.0, 7.8516926765441895, 5.610894203186035, 4.759890556335449, 7.176098823547363, 1.4142135381698608, 8.532258987426758, 2.2360680103302, 1.0, 1.0, 1.0, 1.4142135381698608, 1.0, 1.0, 1.0, 1.0, 2.0, 11.406315803527832, 1.7320507764816284, 16.431676864624023, 1.4142135381698608, 1.4142135381698608, 1.0, 1.0, 1.4142135381698608, 1.0, 17.464248657226562, 3.605551242828369, 10.049875259399414, 3.7416574954986572, 10.418604850769043, 1.4142135381698608, 2.4494898319244385, 5.385164737701416, 3.0, 5.956857204437256, 5.4772257804870605, 5.4772257804870605, 2.2360680103302, 1.0, 1.0, 1.4142135381698608, 1.0, 2.4494898319244385, 13.190905570983887, 10.734512329101562, 5.0, 1.4142135381698608, 1.4142135381698608, 16.3140926361084, 3.7416574954986572, 6.107257843017578, 1.0, 3.1622776985168457, 12.7003812789917, 9.481547355651855, 1.4142135381698608, 2.8284270763397217]
ind_dices: [0.7001861929893494, 0.8723519444465637, 0.7879602909088135, 0.5208747386932373, 0.8545352220535278, 0.7822079658508301, 0.6456477046012878, 0.6553672552108765, 0.691247820854187, 0.772473156452179, 0.8367156386375427, 0.8655424118041992, 0.6064414978027344, 0.9021075367927551, 0.7019650936126709, 0.8025551438331604, 0.7019519805908203, 0.24521072208881378, 0.724649965763092, 0.6134969592094421, 0.7423547506332397, 0.8108928799629211, 0.8540109395980835, 0.6713078022003174, 0.714731752872467, 0.7497048377990723, 0.8167753219604492, 0.8892771005630493, 0.6587183475494385, 0.6241007447242737, 0.6834816932678223, 0.8398385047912598, 0.5080321431159973, 0.8455784320831299, 0.8410671353340149, 0.791976809501648, 0.6937925815582275, 0.7315322756767273, 0.8064516186714172, 0.7268897891044617, 0.8592216968536377, 0.7767012119293213, 0.6935443878173828, 0.5793871879577637, 0.7854757905006409, 0.7157894968986511, 0.8644291162490845, 0.7844856381416321, 0.5850746035575867, 0.8313733339309692, 0.7953638434410095, 0.9008737206459045, 0.9090579748153687, 0.6684420704841614, 0.7563902139663696, 0.6177285313606262, 0.66847825050354, 0.8016015291213989, 0.78125, 0.7881162166595459, 0.854416012763977, 0.8855186700820923, 0.8813759088516235, 0.8030722141265869, 0.8606899976730347, 0.8655955791473389, 0.8658271431922913, 0.8918267488479614, 0.7369984984397888, 0.6329526901245117, 0.7438575029373169, 0.38034531474113464, 0.8206531405448914, 0.8199764490127563, 0.8559991717338562, 0.8840699195861816, 0.898542582988739, 0.8740657567977905, 0.8139773607254028, 0.7891317009925842, 0.6538633108139038, 0.687794029712677, 0.5806451439857483, 0.8626869320869446, 0.7793135046958923, 0.7547320127487183, 0.79296875, 0.7291212677955627, 0.701383113861084, 0.8080099821090698, 0.8587452173233032, 0.9104671478271484, 0.9079313278198242, 0.8065231442451477, 0.8748162388801575, 0.7772680521011353, 0.6909600496292114, 0.7164444327354431, 0.6757599115371704, 0.8331875801086426, 0.8172335624694824, 0.46168583631515503, 0.8041374683380127, 0.7447154521942139, 0.8952980041503906, 0.7517635822296143, 0.5701754093170166, 0.5019011497497559, 0.855790913105011, 0.7992439270019531]
ind_avds: [27.55298614501953, 1.3901599645614624, 13.690261840820312, 14.391143798828125, 3.5083696842193604, 16.166038513183594, 9.031414031982422, 21.212121963500977, 17.786420822143555, 33.784671783447266, 5.515159606933594, 2.647134304046631, 42.645240783691406, 4.820851802825928, 29.26374626159668, 14.445828437805176, 39.56834411621094, 78.60465240478516, 15.447897911071777, 21.532846450805664, 30.89143943786621, 23.867372512817383, 2.966059446334839, 8.840304374694824, 21.85138511657715, 41.310543060302734, 12.906567573547363, 0.7945713996887207, 18.157180786132812, 16.198347091674805, 18.491920471191406, 17.79030418395996, 52.225521087646484, 22.655715942382812, 18.239513397216797, 12.23560905456543, 22.39057159423828, 15.138509750366211, 34.04353713989258, 9.255631446838379, 17.435522079467773, 29.47259521484375, 16.550615310668945, 1.6574585437774658, 9.807355880737305, 17.17246437072754, 18.685897827148438, 2.8506271839141846, 38.55421829223633, 5.354892730712891, 14.29153060913086, 7.885520935058594, 5.72716760635376, 49.50165939331055, 12.058823585510254, 40.26548767089844, 32.26982498168945, 0.859678328037262, 7.518796920776367, 41.18110275268555, 11.010234832763672, 15.454545021057129, 6.998292922973633, 9.324758529663086, 2.8343210220336914, 9.194551467895508, 18.462047576904297, 14.900857925415039, 27.518592834472656, 9.627328872680664, 25.328720092773438, 302.116943359375, 26.349803924560547, 15.423674583435059, 7.323651313781738, 1.8977859020233154, 7.417420387268066, 5.499587059020996, 3.566621780395508, 0.3537735939025879, 39.26776885986328, 18.226821899414062, 43.1906623840332, 8.398584365844727, 19.049604415893555, 3.2536261081695557, 9.133271217346191, 10.851648330688477, 31.430774688720703, 15.217920303344727, 13.914813995361328, 1.060875415802002, 6.245787620544434, 8.11180305480957, 6.73588228225708, 29.550827026367188, 18.529861450195312, 15.875614166259766, 22.790054321289062, 4.510232448577881, 11.175336837768555, 110.71428680419922, 15.795943260192871, 15.130260467529297, 2.8149943351745605, 24.15485191345215, 25.370676040649414, 55.4945068359375, 14.767631530761719, 29.794963836669922]
ueos: [0.0014077272498980165, 0.10576996207237244, 0.1961764097213745, 0.25815314054489136, 0.30017635226249695, 0.3325193226337433, 0.3587680757045746, 0.3795352876186371, 0.3969011902809143, 0.4098556637763977, 0.41849005222320557, 0.42222052812576294, 0.416244775056839, 0.3934842050075531, 0.3189830482006073, 0.13804374635219574, 0.06518899649381638, 0.03797740116715431, 0.024716095998883247, 0.015653904527425766, 0.009516044519841671, 0.0048825000412762165]
mean_FN_coverage: [0.7299543619155884, 0.712974488735199, 0.6884710788726807, 0.6624686121940613, 0.6367291212081909, 0.6119494438171387, 0.5857647657394409, 0.5575681924819946, 0.5308024883270264, 0.49743393063545227, 0.4635527729988098, 0.42514973878860474, 0.3779635727405548, 0.31585538387298584, 0.20709805190563202, 0.063462994992733, 0.02645532414317131, 0.013454285450279713, 0.008370508439838886, 0.005460062064230442, 0.0033995574340224266, 0.0018789514433592558]
size_entirely_missed_lesions: [nan, 3.9814815521240234, 3.3157894611358643, 3.1146788597106934, 3.070707082748413, 3.3759591579437256, 3.310126543045044, 3.356630802154541, 3.490353584289551, 3.457627058029175, 3.5070242881774902, 3.5675058364868164, 3.6806981563568115, 3.6971375942230225, 3.7436506748199463, 3.8199288845062256, 3.8598458766937256, 3.8725626468658447, 3.8881945610046387, 3.9077670574188232, 3.9168975353240967, 3.931535243988037]
mean_missed_lesion_coverage: [1.0, 0.9317083954811096, 0.8381385803222656, 0.7471820712089539, 0.6628245711326599, 0.588950514793396, 0.5182383060455322, 0.45202314853668213, 0.4018380045890808, 0.33853384852409363, 0.2892068922519684, 0.23689736425876617, 0.18351784348487854, 0.13260173797607422, 0.059625137597322464, 0.013672594912350178, 0.006541411858052015, 0.002948666689917445, 0.0019440880278125405, 0.0016499655321240425, 0.0008753743022680283, 0.0002591568627394736]
prop_entirely_missed: [0.0, 0.008800521492958069, 0.021675359457731247, 0.0355280302464962, 0.04840286821126938, 0.06372229754924774, 0.07724902033805847, 0.09093872457742691, 0.1013689711689949, 0.11538461595773697, 0.1276075690984726, 0.14243806898593903, 0.15873533487319946, 0.1764993518590927, 0.2053454965353012, 0.2289765328168869, 0.23256193101406097, 0.2340286821126938, 0.23468057811260223, 0.23500652611255646, 0.2353324592113495, 0.2356584072113037]
