bras: 0.8993498496711254
ece: 0.07217426839845124
dice: 0.7599999904632568
f1: 0.699999988079071
avd: 21.209999084472656
hd95: 4.159999847412109
recall: 0.6499999761581421
max ueo: 0.42222052812576294
undetected clusters at max ueo: 0.14243806898593903
confidences: [       nan 0.00100074 0.07470398 0.12944639 0.18289167 0.23578002
 0.28882697 0.34161961 0.39435974 0.44714472 0.49993265 0.55251014
 0.60539985 0.65816587 0.71104425 0.76375258 0.8166827  0.86987174
 0.92377079 0.98281991]
accuracies: [           nan 6.81278493e-05 6.77264669e-02 1.16042136e-01
 1.62041214e-01 2.02621608e-01 2.42303420e-01 2.76164974e-01
 3.09985258e-01 3.58067998e-01 3.99410791e-01 4.40540320e-01
 4.86040507e-01 5.40075372e-01 5.85799032e-01 6.36815920e-01
 7.02563122e-01 7.67838961e-01 8.54652935e-01 9.59655031e-01]
