confidences: [       nan 0.00764376 0.07385581 0.12910093 0.18275455 0.23590976
 0.28868097 0.34167364 0.39430237 0.44715771 0.49977228 0.55259025
 0.60538387 0.65799695 0.71084023 0.76372808 0.81671876 0.86992782
 0.92396164 0.9791953 ]
accuracies: [           nan 6.09755730e-05 4.96454211e-02 9.85727300e-02
 1.43345196e-01 1.88639698e-01 2.23211721e-01 2.67283729e-01
 3.16853857e-01 3.54912845e-01 4.05467141e-01 4.46761179e-01
 4.95337645e-01 5.50176537e-01 6.11182173e-01 6.65386577e-01
 7.33677452e-01 8.09206163e-01 8.95381422e-01 9.77066061e-01]
ind_eces: [0.021665384928147347, 0.04747745243172061, 0.14212442326103283, 0.16393047888325302, 0.08282901917770619, 0.09088096172428348, 0.06278579996848359, 0.05411774915510434, 0.028419754081511032, 0.18626619081256138, 0.09401877212750304, 0.013795865713235551, 0.085692641153282, 0.03817172311773447, 0.07294386203286451, 0.12016976532732995, 0.22719261770937405, 0.08286127689376595, 0.06854059298746445, 0.07673089742204396, 0.20452145952857925, 0.16298438145782315, 0.025067130893434212, 0.060030464256772546, 0.16711999436426483, 0.19861735320024257, 0.10639041196348052, 0.06540084381076944, 0.10506591899428856, 0.05296121605493626, 0.03152709605182873, 0.12205309257174853, 0.03849475188556458, 0.14981425020187072, 0.15032054537201175, 0.10741463288564544, 0.14974948508238364, 0.03859272804144079, 0.21570300175386725, 0.12969531645809546, 0.16204579881897196, 0.19442047102969837, 0.09029142086148402, 0.11857384431904666, 0.07017461010879009, 0.02325610750118152, 0.1315494682962781, 0.02297888668563143, 0.05049331801919185, 0.06511793169156666, 0.06924378486554077, 0.05584728445549959, 0.06651353974140264, 0.17875547298435449, 0.05459243774586028, 0.05150034040672678, 0.07411208810628096, 0.05060676521735283, 0.05330258004520036, 0.19601469493647344, 0.11511797127771047, 0.12957328355522002, 0.09299941061046794, 0.11516651745328141, 0.03174433723283644, 0.108991453588401, 0.19035309734420686, 0.13394357848100202, 0.11311893372852576, 0.06659154115346029, 0.1523251386719443, 0.401130101458505, 0.19351602941468352, 0.10491191332651106, 0.07761497896611952, 0.04899223918848767, 0.0749958762949807, 0.044592185051320454, 0.13378664727730366, 0.07575072675852124, 0.025518122921681142, 0.012764239842176051, 0.03156560225820529, 0.022943281584048698, 0.05857446320796275, 0.032681265674920294, 0.023502239172178318, 0.12686610185169822, 0.13582619749894242, 0.12259687951835484, 0.09133386921001466, 0.016382285635604583, 0.10032740384138486, 0.041553434414957895, 0.09658400427142473, 0.18841843627827023, 0.20724207676478437, 0.06152603840002673, 0.04420032048583034, 0.09124310476446071, 0.036521588084669175, 0.2656543776809958, 0.03427365352234593, 0.09389528693256272, 0.04843354922987689, 0.1605687810645187, 0.26011369824738445, 0.03419986031593772, 0.09327704507073159, 0.2231795931030755]
ind_hd95s: [2.0, 1.0, 1.4142135381698608, 27.45709800720215, 1.0, 1.0, 2.2360680103302, 7.071067810058594, 2.0, 1.4142135381698608, 1.0, 1.0, 7.57291316986084, 1.0, 4.582575798034668, 1.4142135381698608, 2.2360680103302, 25.286279678344727, 1.4142135381698608, 6.5300188064575195, 1.4142135381698608, 2.0, 1.0, 3.0, 1.4142135381698608, 1.4142135381698608, 1.0, 1.0, 1.7320507764816284, 6.767504692077637, 4.857266902923584, 1.0, 10.0174560546875, 1.0, 1.0, 1.4142135381698608, 2.2360680103302, 1.7320507764816284, 1.4142135381698608, 1.4936728477478027, 1.0, 1.4142135381698608, 3.7416574954986572, 12.672614097595215, 1.4142135381698608, 5.385164737701416, 1.0, 1.4142135381698608, 23.061796188354492, 2.2360680103302, 1.4142135381698608, 1.0, 1.0, 8.681859970092773, 5.099019527435303, 5.127634048461914, 4.5788469314575195, 1.4142135381698608, 8.062257766723633, 1.7320507764816284, 1.0, 1.0, 1.0, 1.0, 1.0, 1.0, 1.0, 1.0, 1.4142135381698608, 10.445084571838379, 1.4142135381698608, 15.86502742767334, 1.4142135381698608, 1.4142135381698608, 1.0, 1.0, 1.0, 1.0, 17.62946319580078, 4.438164710998535, 4.4721360206604, 3.7416574954986572, 13.658407211303711, 1.4142135381698608, 1.7320507764816284, 6.4031243324279785, 2.2360680103302, 5.43213415145874, 5.385164737701416, 5.385164737701416, 2.4174764156341553, 1.0, 1.4142135381698608, 1.4142135381698608, 1.0, 2.8284270763397217, 13.379088401794434, 7.582658290863037, 5.099019527435303, 1.7320507764816284, 1.0, 20.711963653564453, 1.4142135381698608, 5.099019527435303, 1.0, 3.1622776985168457, 16.111997604370117, 12.843825340270996, 1.4142135381698608, 3.464101552963257]
ind_dices: [0.7195165157318115, 0.8706681728363037, 0.7763657569885254, 0.5152129530906677, 0.8569837212562561, 0.7908325791358948, 0.6702997088432312, 0.6940966248512268, 0.7036545872688293, 0.7689660787582397, 0.8244404196739197, 0.8627732992172241, 0.6022186875343323, 0.9017496705055237, 0.7044335007667542, 0.8061375021934509, 0.7017024159431458, 0.26923078298568726, 0.7238358855247498, 0.6177605986595154, 0.7302904725074768, 0.8200452327728271, 0.851687490940094, 0.697813093662262, 0.711676836013794, 0.7568113207817078, 0.8297436833381653, 0.8940890431404114, 0.6253369450569153, 0.602031409740448, 0.7025948166847229, 0.8417522311210632, 0.52173912525177, 0.8584871292114258, 0.8469414114952087, 0.802947998046875, 0.6978609561920166, 0.7444757223129272, 0.8244352340698242, 0.7323118448257446, 0.866331934928894, 0.7737638354301453, 0.7186170220375061, 0.5991678237915039, 0.7959096431732178, 0.7274959087371826, 0.878063440322876, 0.7990509867668152, 0.5793304443359375, 0.8370822072029114, 0.7911468744277954, 0.9020100235939026, 0.9151010513305664, 0.6612465977668762, 0.7582057118415833, 0.6684350371360779, 0.6768060922622681, 0.7966699600219727, 0.778566837310791, 0.8082005977630615, 0.8563467264175415, 0.8896889090538025, 0.8856436014175415, 0.8091511130332947, 0.861299455165863, 0.8719931244850159, 0.8690692782402039, 0.9064565896987915, 0.7565590739250183, 0.6230088472366333, 0.7599509954452515, 0.4051677882671356, 0.831392228603363, 0.8290777802467346, 0.8687324523925781, 0.887122392654419, 0.8987094163894653, 0.8727421760559082, 0.7940241694450378, 0.8009592294692993, 0.6968106627464294, 0.713004469871521, 0.5815602540969849, 0.8639889359474182, 0.7779461741447449, 0.7351729869842529, 0.8044461011886597, 0.7081151604652405, 0.712533712387085, 0.8188397288322449, 0.8571035861968994, 0.9099096655845642, 0.8971725702285767, 0.7994102835655212, 0.8801315426826477, 0.7753468155860901, 0.6472868323326111, 0.7251063585281372, 0.6855878829956055, 0.8389248847961426, 0.84114670753479, 0.4874274730682373, 0.8193548321723938, 0.7634354829788208, 0.8904104828834534, 0.7574437260627747, 0.5446276068687439, 0.5316681265830994, 0.8604931235313416, 0.8002376556396484]
ind_avds: [19.332048416137695, 2.7105939388275146, 17.714696884155273, 18.081180572509766, 5.870213031768799, 8.12075424194336, 7.853403091430664, 11.78451156616211, 13.260254859924316, 29.54395866394043, 10.838249206542969, 3.398869276046753, 44.00494384765625, 0.05382131412625313, 29.7297306060791, 11.021170616149902, 42.98561096191406, 79.06977081298828, 1.736745834350586, 10.948904991149902, 33.98058319091797, 16.951797485351562, 7.126505374908447, 8.745246887207031, 27.581863403320312, 35.2801513671875, 12.575098037719727, 4.970420837402344, 1.0840108394622803, 20.991735458374023, 20.10771942138672, 15.152198791503906, 49.85163116455078, 18.218114852905273, 15.618101119995117, 7.068273067474365, 20.370370864868164, 5.7744832038879395, 28.60120391845703, 17.33594512939453, 15.773730278015137, 29.007238388061523, 1.392608404159546, 0.8287292718887329, 5.516637325286865, 19.096965789794922, 13.173076629638672, 7.753705978393555, 34.45783233642578, 0.2099958062171936, 2.3615634441375732, 7.752686977386475, 3.6926631927490234, 45.18272399902344, 20.784313201904297, 33.18584060668945, 32.17866897583008, 3.466444730758667, 5.889724254608154, 32.362205505371094, 13.271706581115723, 12.015437126159668, 7.047061920166016, 13.633440971374512, 4.290131568908691, 6.810778617858887, 18.892940521240234, 10.387688636779785, 12.609871864318848, 24.534160614013672, 26.020761489868164, 270.11090087890625, 25.434226989746094, 11.29800033569336, 6.887966632843018, 1.048776388168335, 8.798663139343262, 1.1560693979263306, 11.7092866897583, 3.301886796951294, 22.182340621948242, 19.3519344329834, 35.40856170654297, 7.076155662536621, 21.196331024169922, 9.643277168273926, 9.249767303466797, 9.89011001586914, 21.69301986694336, 11.955198287963867, 14.865094184875488, 1.4163519144058228, 11.151052474975586, 14.537445068359375, 7.875411510467529, 30.84031867980957, 37.059722900390625, 7.692307472229004, 12.638121604919434, 2.543214797973633, 9.569684982299805, 107.73809814453125, 9.4652738571167, 0.5010020136833191, 5.366305351257324, 25.245365142822266, 89.78583526611328, 46.016483306884766, 14.00326156616211, 29.017610549926758]
ueos: [0.0013670714106410742, 0.0014931076439097524, 0.0021187979727983475, 0.03162635117769241, 0.2304944545030594, 0.28968268632888794, 0.32764101028442383, 0.358070433139801, 0.3827466666698456, 0.40313971042633057, 0.41734540462493896, 0.42689529061317444, 0.42816054821014404, 0.41548898816108704, 0.3544924557209015, 0.1446227878332138, 0.05613416060805321, 0.028533533215522766, 0.0169548187404871, 0.010844653472304344, 0.006507967598736286, 0.0029858583584427834]
mean_FN_coverage: [0.7200130224227905, 0.7200110554695129, 0.718209445476532, 0.6981046199798584, 0.673073410987854, 0.6517611145973206, 0.6273286938667297, 0.602508008480072, 0.5752258896827698, 0.5467501878738403, 0.5123770236968994, 0.4756629765033722, 0.42600950598716736, 0.3619690239429474, 0.25489625334739685, 0.07540769129991531, 0.02261441759765148, 0.009943164885044098, 0.005567688494920731, 0.0035545388236641884, 0.002280619228258729, 0.0009527857764624059]
size_entirely_missed_lesions: [nan, nan, 1.0, 2.9166667461395264, 3.3125, 3.452054738998413, 3.3993289470672607, 3.575000047683716, 3.956818103790283, 3.8661258220672607, 3.874558210372925, 3.9028213024139404, 3.9155495166778564, 3.9669811725616455, 3.9644670486450195, 4.059514045715332, 4.068566799163818, 4.095129489898682, 4.159005165100098, 4.360630989074707, 4.378094673156738, 4.386806488037109]
mean_missed_lesion_coverage: [1.0, 1.0, 0.9934836626052856, 0.9111663699150085, 0.8133896589279175, 0.7399124503135681, 0.6588228344917297, 0.5922308564186096, 0.5236152410507202, 0.4607621729373932, 0.3964788019657135, 0.34028974175453186, 0.2751848101615906, 0.20867374539375305, 0.13833840191364288, 0.05082738772034645, 0.010427087545394897, 0.006224862299859524, 0.0026467207353562117, 0.0012706730049103498, 0.0009102331241592765, 0.00040633021853864193]
prop_entirely_missed: [0.0, 0.0, 0.00032594523509033024, 0.009778357110917568, 0.023468056693673134, 0.03569100424647331, 0.04856584221124649, 0.05867014452815056, 0.07170795649290085, 0.0803455039858818, 0.09224250167608261, 0.1039765328168869, 0.12157757580280304, 0.1382007896900177, 0.1605280339717865, 0.19442634284496307, 0.21153846383094788, 0.21414601802825928, 0.21626466512680054, 0.21691656112670898, 0.2172425091266632, 0.21740548312664032]
