bras: 0.8581488827864329
ece: 0.06573821894395625
dice: 0.7599999904632568
f1: 0.7099999785423279
avd: 19.850000381469727
hd95: 4.150000095367432
recall: 0.6800000071525574
max ueo: 0.42816054821014404
undetected clusters at max ueo: 0.12157757580280304
confidences: [       nan 0.00764376 0.07385581 0.12910093 0.18275455 0.23590976
 0.28868097 0.34167364 0.39430237 0.44715771 0.49977228 0.55259025
 0.60538387 0.65799695 0.71084023 0.76372808 0.81671876 0.86992782
 0.92396164 0.9791953 ]
accuracies: [           nan 6.09755730e-05 4.96454211e-02 9.85727300e-02
 1.43345196e-01 1.88639698e-01 2.23211721e-01 2.67283729e-01
 3.16853857e-01 3.54912845e-01 4.05467141e-01 4.46761179e-01
 4.95337645e-01 5.50176537e-01 6.11182173e-01 6.65386577e-01
 7.33677452e-01 8.09206163e-01 8.95381422e-01 9.77066061e-01]
