bras: 0.8999590600530306
ece: 0.06778321707016788
dice: 0.7599999904632568
f1: 0.7099999785423279
avd: 19.450000762939453
hd95: 4.139999866485596
recall: 0.6899999976158142
max ueo: 0.43125179409980774
undetected clusters at max ueo: 0.11473272740840912
confidences: [       nan 0.00202795 0.07475551 0.1295436  0.18278435 0.23579752
 0.28874409 0.34150079 0.3943454  0.44728595 0.49975255 0.55263269
 0.60528082 0.65803009 0.71103644 0.76387107 0.81662995 0.86994934
 0.92403811 0.98049045]
accuracies: [           nan 6.89602909e-05 6.62080982e-02 1.14192097e-01
 1.57672284e-01 2.01843558e-01 2.36190967e-01 2.78630849e-01
 3.15443751e-01 3.53316180e-01 4.05690830e-01 4.45276221e-01
 4.92588005e-01 5.41692619e-01 5.94217955e-01 6.47248170e-01
 7.13584855e-01 7.86764261e-01 8.70534403e-01 9.69451501e-01]
