confidences: [           nan 1.86106467e-06 7.60876164e-02 1.30016387e-01
 1.82850093e-01 2.36124143e-01 2.88978428e-01 3.42146128e-01
 3.94648999e-01 4.47622061e-01 5.00230014e-01 5.52962780e-01
 6.05007827e-01 6.58499420e-01 7.12019086e-01 7.63169408e-01
 8.17193687e-01 8.69552195e-01 9.23919141e-01 9.95882928e-01]
accuracies: [           nan 3.16312767e-04 3.05845098e-01 3.19956616e-01
 3.17178090e-01 3.36369771e-01 3.31991952e-01 3.17739694e-01
 3.37650324e-01 3.20468979e-01 3.32858500e-01 3.49245007e-01
 3.45667447e-01 3.33916849e-01 3.58853721e-01 3.75636364e-01
 3.60457921e-01 3.63069101e-01 3.78289474e-01 4.94104965e-01]
ind_eces: [0.30425134941869075, 0.1942611315511969, 0.30904092579785847, 0.44089308424388324, 0.30108850522159636, 0.30100585796047075, 0.3909970919482572, 0.34497956781225747, 0.257825279380384, 0.3549247791050796, 0.3174424314137908, 0.19584602186459282, 0.2808494755389368, 0.21132552004515906, 0.211874435068043, 0.316317951326586, 0.41744983635685373, 0.3015353474379523, 0.3420908739632157, 0.30818118569787867, 0.3852907542608616, 0.2845318712431186, 0.2000682484479104, 0.333638365345414, 0.3625268455375872, 0.3766854435924381, 0.29411347925205156, 0.21730112508138438, 0.3281991258896703, 0.3861429924422181, 0.3898051947068196, 0.323058788509242, 0.4164007521925408, 0.3263517818741004, 0.3496957529260788, 0.32353475347612576, 0.3261686428991068, 0.29083983738075353, 0.37520907658139485, 0.39536689686318816, 0.2234309282601138, 0.38541062253753083, 0.37945649016923516, 0.30327790414820843, 0.31608200447481377, 0.3144557214578275, 0.34799427413242784, 0.3190026317131462, 0.3518099220795421, 0.2421096699726144, 0.2997534466005483, 0.17636751602770484, 0.17165969246776058, 0.4305934950446617, 0.28003543883232823, 0.3180667944893407, 0.26117679456307663, 0.25265117178386187, 0.2839276098195962, 0.32098766134236467, 0.2145580346341487, 0.19012077439477573, 0.20405373550058448, 0.35362805064383857, 0.2149438995495844, 0.2537419524190423, 0.295295688747384, 0.26418108621219694, 0.29205620476684335, 0.2468372592211966, 0.270814024860134, 0.36733668424418897, 0.2940400785433767, 0.35221702737658417, 0.16280564851075033, 0.20481776967693163, 0.23677878247203057, 0.20471336927894543, 0.26151665452228956, 0.28773205651344347, 0.3721978264974456, 0.2781312353737, 0.3411493782216415, 0.18725218035060134, 0.21158244484468736, 0.19604592545759822, 0.3244177302741048, 0.3717855745042706, 0.30283457521827606, 0.33134582760698605, 0.22409863602323388, 0.1897962585910233, 0.15619152426181473, 0.2108461998179267, 0.2630376131504, 0.3786246032035176, 0.4693308919644623, 0.3227753415758918, 0.3240848296567134, 0.2851383634588089, 0.3167663044188321, 0.4648276871712492, 0.30561134020369285, 0.4474449379955768, 0.18606448505508544, 0.28796937171641046, 0.44597286777141754, 0.38837550912868646, 0.19254753127985608, 0.2987947846470085]
ind_hd95s: [7.874007701873779, 1.0, 2.4494898319244385, 26.533796310424805, 2.0, 1.7320507764816284, 19.89466094970703, 2.4068052768707275, 4.152989387512207, 2.0, 1.4142135381698608, 1.0, 9.8842134475708, 1.0, 4.614927768707275, 6.176349639892578, 4.4721360206604, 7.668071269989014, 2.4494898319244385, 23.366641998291016, 4.4721360206604, 2.2360680103302, 1.0, 6.336340427398682, 2.0, 2.2360680103302, 1.4142135381698608, 1.0, 4.679501533508301, 4.123105525970459, 5.099019527435303, 1.4142135381698608, 10.862780570983887, 1.4142135381698608, 1.4142135381698608, 5.74456262588501, 3.105480432510376, 3.0, 2.2360680103302, 2.8284270763397217, 1.0, 3.1622776985168457, 3.0, 5.5039591789245605, 2.2360680103302, 5.099019527435303, 1.4142135381698608, 1.4142135381698608, 21.189620971679688, 3.605551242828369, 1.7320507764816284, 1.4142135381698608, 1.4142135381698608, 7.842128753662109, 8.602325439453125, 8.95538330078125, 10.37925910949707, 2.2360680103302, 9.022087097167969, 1.4142135381698608, 1.4142135381698608, 1.0, 1.4142135381698608, 3.316624879837036, 2.2360680103302, 2.2360680103302, 1.4142135381698608, 1.0, 2.8284270763397217, 10.039875030517578, 3.0, 15.65247631072998, 1.4142135381698608, 2.2360680103302, 1.4142135381698608, 1.4142135381698608, 2.0, 1.4142135381698608, 17.2625789642334, 3.7416574954986572, 9.864009857177734, 4.123105525970459, 13.270166397094727, 1.4142135381698608, 1.4142135381698608, 8.949844360351562, 1.7454482316970825, 9.899495124816895, 5.196152210235596, 5.099019527435303, 4.4721360206604, 1.0, 1.0, 1.4142135381698608, 1.4142135381698608, 4.123105525970459, 19.51922035217285, 14.255584716796875, 6.7082037925720215, 2.0, 1.4142135381698608, 23.853721618652344, 3.1217081546783447, 12.733805656433105, 1.0, 3.7416574954986572, 20.87571907043457, 20.57893943786621, 1.4142135381698608, 4.582575798034668]
ind_dices: [0.719878613948822, 0.8600399494171143, 0.7382674217224121, 0.4682926833629608, 0.814063310623169, 0.7534658908843994, 0.6259143352508545, 0.6657571792602539, 0.6910976767539978, 0.7131652235984802, 0.801465630531311, 0.8566381931304932, 0.6010362505912781, 0.8874419331550598, 0.6993893980979919, 0.7585554122924805, 0.5851578116416931, 0.5013428926467896, 0.6568894982337952, 0.549777090549469, 0.6221268773078918, 0.8067973256111145, 0.8310246467590332, 0.6248511075973511, 0.6647509336471558, 0.6956989169120789, 0.7866131663322449, 0.8734385967254639, 0.5680365562438965, 0.5331820845603943, 0.6666666865348816, 0.8028412461280823, 0.496223121881485, 0.8222780227661133, 0.8060200810432434, 0.7533050775527954, 0.6623243093490601, 0.7160582542419434, 0.759748637676239, 0.6346388459205627, 0.8666538596153259, 0.7282343506813049, 0.6534397006034851, 0.5087412595748901, 0.7204066514968872, 0.6957717537879944, 0.8253359198570251, 0.7671204209327698, 0.5863192081451416, 0.8047792911529541, 0.7697790265083313, 0.8796717524528503, 0.8986721038818359, 0.5772455334663391, 0.7248388528823853, 0.6624472737312317, 0.6940122842788696, 0.7856356501579285, 0.7473878264427185, 0.7889938950538635, 0.8441095948219299, 0.8966593742370605, 0.869925856590271, 0.7585380673408508, 0.8265609741210938, 0.860807478427887, 0.8785684108734131, 0.8991608619689941, 0.7394931316375732, 0.5954605937004089, 0.717783510684967, 0.639684796333313, 0.8216045498847961, 0.7638108134269714, 0.842440664768219, 0.8799113631248474, 0.8343200087547302, 0.8522594571113586, 0.7596795558929443, 0.7382169365882874, 0.6266937851905823, 0.6841230392456055, 0.5920634865760803, 0.8490420579910278, 0.7761101126670837, 0.7593023180961609, 0.7469135522842407, 0.5926701426506042, 0.6815022826194763, 0.7882902026176453, 0.8430607318878174, 0.9009870290756226, 0.8931147456169128, 0.7782484889030457, 0.8477351665496826, 0.7091160416603088, 0.4008859395980835, 0.6076875925064087, 0.620734453201294, 0.7948350310325623, 0.7916944622993469, 0.2649420201778412, 0.7829040288925171, 0.5415325164794922, 0.8866059184074402, 0.7190828919410706, 0.3484486937522888, 0.5333333611488342, 0.8503953814506531, 0.7262087464332581]
ind_avds: [11.624919891357422, 2.8544037342071533, 33.52497482299805, 26.93726921081543, 28.273332595825195, 30.822641372680664, 50.5235595703125, 46.80134582519531, 4.561527729034424, 45.76398849487305, 24.653587341308594, 3.694422960281372, 14.709517478942871, 1.922189712524414, 1.5843429565429688, 30.168119430541992, 116.2769775390625, 26.821704864501953, 68.00730895996094, 45.62043762207031, 87.99646759033203, 18.40066909790039, 0.965462327003479, 39.44866943359375, 62.972293853759766, 64.95726776123047, 27.180442810058594, 7.545528411865234, 96.74797058105469, 91.40496063232422, 10.861759185791016, 34.904170989990234, 55.34124755859375, 31.65639877319336, 31.015453338623047, 14.672021865844727, 45.538719177246094, 16.97229766845703, 50.62528991699219, 81.3418197631836, 7.67083215713501, 54.188209533691406, 48.366363525390625, 116.02210235595703, 41.15586853027344, 15.321983337402344, 33.78205108642578, 19.452678680419922, 21.927711486816406, 7.391852378845215, 28.501628875732422, 11.629030227661133, 7.784029483795166, 77.40863800048828, 2.254901885986328, 9.734513282775879, 6.654512405395508, 1.5529673099517822, 3.884711742401123, 33.22834777832031, 0.6107626557350159, 3.327615737915039, 5.974152565002441, 14.662379264831543, 5.011594772338867, 3.1684927940368652, 7.446691036224365, 8.079313278198242, 14.7734956741333, 32.60869598388672, 14.809688568115234, 81.45161437988281, 21.36798095703125, 31.513805389404297, 4.6576762199401855, 4.677875995635986, 23.146873474121094, 1.9157720804214478, 1.6150740385055542, 7.665094375610352, 11.916726112365723, 16.561656951904297, 45.13618850708008, 4.431297302246094, 1.3547310829162598, 2.273618221282959, 34.01677703857422, 62.36263656616211, 46.95333480834961, 29.559289932250977, 6.507720947265625, 1.3608087301254272, 5.848873138427734, 2.7798876762390137, 18.02988052368164, 64.28111267089844, 214.85452270507812, 68.24877166748047, 12.5, 21.577587127685547, 24.76985740661621, 467.26190185546875, 17.14812469482422, 111.22244262695312, 1.8671607971191406, 35.44165802001953, 283.196044921875, 34.89011001586914, 11.842641830444336, 40.33464813232422]
ueos: [0.0016438582679256797, 0.1766016036272049, 0.16476953029632568, 0.15516506135463715, 0.14630353450775146, 0.1376032531261444, 0.12947826087474823, 0.12152963131666183, 0.11318521201610565, 0.10435386002063751, 0.09502210468053818, 0.08547017723321915, 0.07228187471628189, 0.0560668520629406, 0.015960723161697388, 0.011248745024204254, 0.008569571189582348, 0.006447123363614082, 0.004699993878602982, 0.0033766464330255985, 0.002013874938711524, 0.0008767750696279109]
mean_FN_coverage: [0.6750326156616211, 0.17527852952480316, 0.14854300022125244, 0.13071344792842865, 0.11768136918544769, 0.10624659061431885, 0.09628206491470337, 0.08669242262840271, 0.07743273675441742, 0.06870751827955246, 0.059869758784770966, 0.05029349774122238, 0.042238298803567886, 0.03085087426006794, 0.007916612550616264, 0.005025120917707682, 0.004052991978824139, 0.003308440325781703, 0.002137488219887018, 0.0011309022083878517, 0.0007829405949451029, 0.0004486127581913024]
size_entirely_missed_lesions: [nan, 4.288083553314209, 4.310030460357666, 4.314960479736328, 4.311821460723877, 4.309825420379639, 4.3090362548828125, 4.309867858886719, 4.309309482574463, 4.311337947845459, 4.314183235168457, 4.309481143951416, 4.311124324798584, 4.335112571716309, 4.336470603942871, 4.335096836090088, 4.335096836090088, 4.335096836090088, 4.335096836090088, 4.333137512207031, 4.333137512207031, 4.333137512207031]
mean_missed_lesion_coverage: [1.0, 0.017635993659496307, 0.01381926890462637, 0.012136965990066528, 0.010334820486605167, 0.00956448633223772, 0.009295194409787655, 0.008276784792542458, 0.007554012816399336, 0.007333683781325817, 0.006729818414896727, 0.005030137952417135, 0.004515337757766247, 0.0038889821153134108, 0.0008813160820864141, 0.0005875440547242761, 0.0005875440547242761, 0.0005875440547242761, 0.0005875440547242761, 0.0, 0.0, 0.0]
prop_entirely_missed: [0.0, 0.26531943678855896, 0.2680899500846863, 0.26906779408454895, 0.27020859718322754, 0.27037158608436584, 0.27053454518318176, 0.270860493183136, 0.27134940028190613, 0.27167534828186035, 0.2723272442817688, 0.27330508828163147, 0.2739569842815399, 0.2747718393802643, 0.27705344557762146, 0.27721643447875977, 0.27721643447875977, 0.27721643447875977, 0.27721643447875977, 0.2773793935775757, 0.2773793935775757, 0.2773793935775757]
