bras: 0.9991555921733379
ece: 0.24276287585902592
dice: 0.7200000286102295
f1: 0.6399999856948853
avd: 36.54999923706055
hd95: 5.329999923706055
recall: 0.6000000238418579
max ueo: 0.1766016036272049
undetected clusters at max ueo: 0.26531943678855896
confidences: [           nan 1.86106467e-06 7.60876164e-02 1.30016387e-01
 1.82850093e-01 2.36124143e-01 2.88978428e-01 3.42146128e-01
 3.94648999e-01 4.47622061e-01 5.00230014e-01 5.52962780e-01
 6.05007827e-01 6.58499420e-01 7.12019086e-01 7.63169408e-01
 8.17193687e-01 8.69552195e-01 9.23919141e-01 9.95882928e-01]
accuracies: [           nan 3.16312767e-04 3.05845098e-01 3.19956616e-01
 3.17178090e-01 3.36369771e-01 3.31991952e-01 3.17739694e-01
 3.37650324e-01 3.20468979e-01 3.32858500e-01 3.49245007e-01
 3.45667447e-01 3.33916849e-01 3.58853721e-01 3.75636364e-01
 3.60457921e-01 3.63069101e-01 3.78289474e-01 4.94104965e-01]
