bras: 0.53865705554684
ece: 0.2531577385688453
dice: 0.699999988079071
f1: 0.6100000143051147
avd: 45.93000030517578
hd95: 5.920000076293945
recall: 0.6399999856948853
max ueo: 0.1965414583683014
undetected clusters at max ueo: 0.24054758250713348
confidences: [           nan 1.38210009e-06 7.60011896e-02 1.29795894e-01
 1.83019310e-01 2.35759184e-01 2.88849264e-01 3.41735572e-01
 3.94217759e-01 4.46896732e-01 4.99785095e-01 5.52643955e-01
 6.05486572e-01 6.58212900e-01 7.10427582e-01 7.63736427e-01
 8.17140102e-01 8.70351553e-01 9.23694909e-01 9.95981097e-01]
accuracies: [           nan 2.97997224e-04 2.96699438e-01 3.22377822e-01
 3.10409620e-01 3.05823017e-01 3.04347826e-01 3.10779817e-01
 3.05009512e-01 3.34779913e-01 3.17489336e-01 3.20648784e-01
 3.26852977e-01 3.10772702e-01 3.40369393e-01 3.56232939e-01
 3.31266951e-01 3.54240283e-01 3.55604638e-01 4.32795476e-01]
