confidences: [           nan 8.33266822e-04 7.49129280e-02 1.29419506e-01
 1.82799682e-01 2.36042485e-01 2.88691193e-01 3.41654420e-01
 3.94293159e-01 4.47258234e-01 4.99815911e-01 5.52728474e-01
 6.05260313e-01 6.58101618e-01 7.10872352e-01 7.63621747e-01
 8.16671193e-01 8.69790733e-01 9.23873782e-01 9.81806815e-01]
accuracies: [           nan 7.23823923e-05 6.96070091e-02 1.18067535e-01
 1.58681974e-01 1.98146358e-01 2.39548471e-01 2.78490396e-01
 3.20769422e-01 3.60232068e-01 4.01570475e-01 4.56649898e-01
 5.01252446e-01 5.53799347e-01 6.02851394e-01 6.64873270e-01
 7.26102893e-01 8.03168812e-01 8.83172958e-01 9.70036980e-01]
ind_eces: [0.060945038830064524, 0.050469655499296155, 0.10736018999616416, 0.11624976629796856, 0.034536451614702646, 0.07189800136461494, 0.04609801457960169, 0.028812495552628683, 0.060348294225555245, 0.14065313259377543, 0.07710343588561122, 0.024283209447889777, 0.08592918963331517, 0.02455862341725344, 0.0914649978982309, 0.09647483651862139, 0.19173908494187544, 0.08737139197411331, 0.07448689032567453, 0.055470774712936904, 0.15404214696414373, 0.19945156998130362, 0.03415556482135025, 0.07313547977800391, 0.1305032072416298, 0.16977523644302547, 0.08504276183309906, 0.05740861841889931, 0.05119119923874412, 0.06875675012220038, 0.04181953197731335, 0.09690891414305887, 0.072954580964334, 0.1587702814749291, 0.12877950860048581, 0.10414791113313113, 0.11035478827245182, 0.02644914273708633, 0.21494722024041424, 0.06456280649233277, 0.17516451884560214, 0.18510111583250788, 0.12320172630469618, 0.13471262354781458, 0.08851388038705167, 0.02653485790580257, 0.14320046352479598, 0.027013949275823606, 0.07272032984611783, 0.07770248832114698, 0.08919042605374285, 0.03530638430072371, 0.09110321556357764, 0.1744501256236404, 0.035405473340806154, 0.04374823437836639, 0.06226849228533601, 0.05389911869197508, 0.04516819904708597, 0.21667175539763703, 0.12066058359409045, 0.15752859466472108, 0.07581906340136323, 0.1380041551301008, 0.029349687725452274, 0.0907882772921596, 0.19868304357170738, 0.1681591361771586, 0.14311559334695678, 0.07651883927382973, 0.1457962608959835, 0.4031823501122866, 0.18314371706185315, 0.1521429540844465, 0.06698155916477336, 0.04504094440706089, 0.045863096191450604, 0.06493007642219215, 0.12370895858793582, 0.07061266905027422, 0.061607085635144596, 0.04144133198870284, 0.047175105650586774, 0.07641571252691509, 0.07415939615500408, 0.0586560878197019, 0.03953627889032666, 0.06587716484233842, 0.1671459736721302, 0.09927232763623489, 0.11716175569959282, 0.03595513305716177, 0.09848977808280371, 0.041945798311517575, 0.08196398259321439, 0.18110565280028304, 0.18807080384982688, 0.06752262042040764, 0.030203439476036303, 0.09052320797392516, 0.05576587110289751, 0.2530866457402483, 0.0394028231280931, 0.06896166470473307, 0.03761407136177335, 0.12513920349566746, 0.2147629777884942, 0.04589231586853523, 0.13288808885787798, 0.22352187906983906]
ind_hd95s: [6.4031243324279785, 1.0, 1.0, 26.244918823242188, 1.0, 1.0, 3.0, 7.186040878295898, 3.7416574954986572, 1.4142135381698608, 1.0, 1.0, 9.275995254516602, 1.0, 4.614927768707275, 1.4142135381698608, 2.0, 28.04267120361328, 1.4142135381698608, 7.856869220733643, 1.4142135381698608, 1.4142135381698608, 1.0, 4.123105525970459, 1.4142135381698608, 1.0, 1.0, 1.0, 3.1622776985168457, 6.767504692077637, 4.979795932769775, 1.0, 8.306623458862305, 1.0, 1.0, 1.4142135381698608, 4.123105525970459, 2.0, 1.4142135381698608, 2.0, 1.0, 1.4142135381698608, 3.7416574954986572, 4.685023784637451, 1.4142135381698608, 5.74456262588501, 1.0, 1.4142135381698608, 13.190905570983887, 2.2360680103302, 1.430105447769165, 1.0, 1.0, 7.6157732009887695, 4.4721360206604, 5.421104431152344, 7.382180690765381, 1.4142135381698608, 8.485280990600586, 2.4494898319244385, 1.4142135381698608, 1.0, 1.0, 1.4142135381698608, 1.0, 1.0, 1.0, 1.0, 1.4142135381698608, 10.445084571838379, 1.4142135381698608, 15.524174690246582, 1.4142135381698608, 2.0, 1.0, 1.0, 1.0, 1.0, 16.431676864624023, 3.605551242828369, 11.844703674316406, 4.158966064453125, 12.206555366516113, 1.4142135381698608, 2.0, 9.05538558959961, 2.4494898319244385, 5.431195259094238, 5.74456262588501, 5.385164737701416, 3.0, 1.0, 1.0, 1.4142135381698608, 1.0, 3.0, 14.73091983795166, 9.192266464233398, 4.83569860458374, 2.2360680103302, 1.4142135381698608, 18.361637115478516, 2.2360680103302, 4.123105525970459, 1.0, 3.1622776985168457, 14.797944068908691, 16.490259170532227, 1.4142135381698608, 3.7416574954986572]
ind_dices: [0.6958160400390625, 0.8743078112602234, 0.7892255783081055, 0.5129310488700867, 0.8606351613998413, 0.7960140705108643, 0.6733812689781189, 0.6539924144744873, 0.656341552734375, 0.7764816284179688, 0.8298782706260681, 0.8634119629859924, 0.5607779622077942, 0.9001164436340332, 0.6730444431304932, 0.810088574886322, 0.7287735939025879, 0.21628838777542114, 0.7331536412239075, 0.6257425546646118, 0.7561467289924622, 0.8112640976905823, 0.8510152101516724, 0.6887025237083435, 0.7217615246772766, 0.7649979591369629, 0.8226571679115295, 0.8845272660255432, 0.6363636255264282, 0.6043556928634644, 0.6769706606864929, 0.8505722284317017, 0.5045408606529236, 0.8575592041015625, 0.8501760363578796, 0.7961865663528442, 0.7099407911300659, 0.7441664934158325, 0.818117618560791, 0.7333497405052185, 0.8612197637557983, 0.7866469621658325, 0.7045049667358398, 0.5809128880500793, 0.7832985520362854, 0.7191836833953857, 0.8716426491737366, 0.7999529838562012, 0.576168954372406, 0.8254366517066956, 0.7963978052139282, 0.9023030996322632, 0.9163496494293213, 0.6768377423286438, 0.773277223110199, 0.5857740640640259, 0.6797663569450378, 0.7944514751434326, 0.796875, 0.7880783677101135, 0.8488497734069824, 0.888711154460907, 0.8831045031547546, 0.7839433550834656, 0.8670188188552856, 0.87806636095047, 0.8640674352645874, 0.8933002352714539, 0.752655565738678, 0.6436781883239746, 0.758323073387146, 0.39818766713142395, 0.8369103670120239, 0.8154246211051941, 0.858222484588623, 0.8914703130722046, 0.9007560014724731, 0.8754425644874573, 0.799351692199707, 0.7985782027244568, 0.6598939895629883, 0.700567901134491, 0.6268980503082275, 0.8548006415367126, 0.7674884796142578, 0.7379410862922668, 0.8046640157699585, 0.7155963182449341, 0.7055752277374268, 0.8196142911911011, 0.8501137495040894, 0.9109009504318237, 0.9027191400527954, 0.7966628670692444, 0.8785333037376404, 0.7793717980384827, 0.6521739363670349, 0.7104377150535583, 0.6768642663955688, 0.8359850645065308, 0.8328378796577454, 0.4918367266654968, 0.8083851933479309, 0.7463768124580383, 0.8928766250610352, 0.7611571550369263, 0.5562660098075867, 0.5098374485969543, 0.8467112183570862, 0.8068637847900391]
ind_avds: [29.60822105407715, 3.033076286315918, 13.438735008239746, 28.78228759765625, 0.7337766289710999, 6.007547378540039, 18.062828063964844, 22.89562225341797, 31.046676635742188, 20.05641746520996, 8.464810371398926, 0.8802364468574524, 47.466007232666016, 1.8606797456741333, 34.38956069946289, 7.378580093383789, 28.7769775390625, 83.87596893310547, 3.473491668701172, 15.69343090057373, 18.97616958618164, 24.60295295715332, 8.33084487915039, 7.31939172744751, 20.2141056060791, 29.5346622467041, 9.571162223815918, 5.074817180633545, 15.176152229309082, 17.851240158081055, 25.763015747070312, 10.800451278686523, 52.96735763549805, 19.19917869567871, 11.616997718811035, 7.817938327789307, 6.186868667602539, 14.397191047668457, 29.573877334594727, 0.7345739603042603, 17.548524856567383, 27.68872833251953, 10.444563865661621, 0.27624309062957764, 9.719789505004883, 18.652849197387695, 15.993589401245117, 5.860889434814453, 40.240962982177734, 0.776984453201294, 7.9804558753967285, 4.951092720031738, 5.708536624908447, 39.53488540649414, 13.627450942993164, 41.371681213378906, 28.350046157836914, 2.079866886138916, 7.518796920776367, 39.09449005126953, 13.832947731018066, 14.468267440795898, 4.2184834480285645, 17.8778133392334, 2.4607059955596924, 5.211726188659668, 20.18561553955078, 14.678898811340332, 22.78566551208496, 10.8695650100708, 24.49827003479004, 278.351806640625, 22.081594467163086, 19.739765167236328, 5.892116069793701, 0.6325953006744385, 6.886551380157471, 5.251857757568359, 7.604306697845459, 0.9433962106704712, 37.473079681396484, 25.652565002441406, 20.622568130493164, 13.212690353393555, 23.32221794128418, 12.269698143005371, 6.1742777824401855, 5.357142925262451, 28.96259117126465, 7.061115264892578, 17.21533966064453, 0.8553654551506042, 10.23740005493164, 14.279204368591309, 6.495315074920654, 29.20696258544922, 25.421133041381836, 5.564648151397705, 19.406076431274414, 2.30478835105896, 12.759580612182617, 91.66666412353516, 12.354025840759277, 6.412825584411621, 3.812713861465454, 15.335332870483398, 57.66062545776367, 39.42307662963867, 18.55890655517578, 28.212549209594727]
ueos: [0.0013718928676098585, 0.1021445244550705, 0.19867485761642456, 0.26251956820487976, 0.3045249283313751, 0.33752673864364624, 0.36440661549568176, 0.3863562047481537, 0.40409260988235474, 0.41911014914512634, 0.42886388301849365, 0.4333578646183014, 0.4293819069862366, 0.4102563261985779, 0.3294826149940491, 0.09314695000648499, 0.0326712504029274, 0.017482461407780647, 0.011308496817946434, 0.007322927936911583, 0.004545455798506737, 0.0023989761248230934]
mean_FN_coverage: [0.729139506816864, 0.7130200266838074, 0.6874712109565735, 0.6621299982070923, 0.6347660422325134, 0.6094421148300171, 0.5836871862411499, 0.5582747459411621, 0.5292348265647888, 0.4978514611721039, 0.46269169449806213, 0.4230485260486603, 0.37696751952171326, 0.30890369415283203, 0.1862257868051529, 0.028594238683581352, 0.008501787669956684, 0.00380078237503767, 0.001863368321210146, 0.001103294431231916, 0.0005367053090594709, 0.00021288766583893448]
size_entirely_missed_lesions: [nan, 3.5625, 3.3428571224212646, 3.4210526943206787, 3.422222137451172, 3.3662338256835938, 3.472573757171631, 3.4452691078186035, 3.447495937347412, 3.485549211502075, 3.501288652420044, 3.58857798576355, 3.632258176803589, 3.7815535068511963, 3.8337531089782715, 3.9826338291168213, 4.019900321960449, 4.0340423583984375, 4.045293807983398, 4.061527729034424, 4.061527729034424, 4.079040050506592]
mean_missed_lesion_coverage: [1.0, 0.9340234398841858, 0.8349648118019104, 0.7433899641036987, 0.6527113914489746, 0.5787450671195984, 0.5106106400489807, 0.4518033266067505, 0.39257049560546875, 0.3405590355396271, 0.2883762717247009, 0.23902159929275513, 0.193826824426651, 0.1368856430053711, 0.07158702611923218, 0.009656282141804695, 0.003498561680316925, 0.0022755342070013285, 0.0013115494512021542, 0.0008821453666314483, 0.0005040830583311617, 0.0]
prop_entirely_missed: [0.0, 0.00782268587499857, 0.022816166281700134, 0.03715775907039642, 0.0513363741338253, 0.06274446099996567, 0.07724902033805847, 0.08784224092960358, 0.10088004916906357, 0.11277705430984497, 0.1264667510986328, 0.13983051478862762, 0.15156453847885132, 0.16786180436611176, 0.19410039484500885, 0.22522816061973572, 0.22930248081684113, 0.22979138791561127, 0.2302803099155426, 0.23044328391551971, 0.23044328391551971, 0.23093220591545105]
