bras: 0.8943434630831082
ece: 0.06165019596750127
dice: 0.7599999904632568
f1: 0.699999988079071
avd: 19.770000457763672
hd95: 4.260000228881836
recall: 0.6600000262260437
max ueo: 0.4333578646183014
undetected clusters at max ueo: 0.13983051478862762
confidences: [           nan 8.33266822e-04 7.49129280e-02 1.29419506e-01
 1.82799682e-01 2.36042485e-01 2.88691193e-01 3.41654420e-01
 3.94293159e-01 4.47258234e-01 4.99815911e-01 5.52728474e-01
 6.05260313e-01 6.58101618e-01 7.10872352e-01 7.63621747e-01
 8.16671193e-01 8.69790733e-01 9.23873782e-01 9.81806815e-01]
accuracies: [           nan 7.23823923e-05 6.96070091e-02 1.18067535e-01
 1.58681974e-01 1.98146358e-01 2.39548471e-01 2.78490396e-01
 3.20769422e-01 3.60232068e-01 4.01570475e-01 4.56649898e-01
 5.01252446e-01 5.53799347e-01 6.02851394e-01 6.64873270e-01
 7.26102893e-01 8.03168812e-01 8.83172958e-01 9.70036980e-01]
