confidences: [           nan 9.09750088e-05 7.54976273e-02 1.29667521e-01
 1.82904765e-01 2.35888779e-01 2.88780808e-01 3.41578126e-01
 3.94369990e-01 4.47166979e-01 4.99840230e-01 5.52692056e-01
 6.05334222e-01 6.58168018e-01 7.10641623e-01 7.63585389e-01
 8.16504955e-01 8.69573116e-01 9.23400283e-01 9.86821890e-01]
accuracies: [           nan 5.64107846e-05 6.10773251e-02 9.87668212e-02
 1.40758089e-01 1.74551793e-01 2.12326230e-01 2.52228114e-01
 2.95620211e-01 3.42067540e-01 3.81113988e-01 4.24507973e-01
 4.75021502e-01 5.33650291e-01 5.84813308e-01 6.47248502e-01
 7.12634864e-01 7.81426053e-01 8.58840512e-01 9.55666242e-01]
ind_eces: [0.03796733889924312, 0.05675396356990903, 0.10768595589588209, 0.17961895910873116, 0.13198871946042948, 0.1392095694493716, 0.13193493103072532, 0.05960498868304784, 0.05692346565038384, 0.2246285244506031, 0.07186949578567249, 0.02787701611903468, 0.05121088795639063, 0.024470163712888078, 0.0294263424703924, 0.1326400388339528, 0.21128615971734357, 0.07076734572630171, 0.11357599170790517, 0.06060090854700892, 0.2041441032606382, 0.17996970601535348, 0.01713334579518802, 0.12897732901912048, 0.11976449099515356, 0.21189894502260279, 0.11357606521114574, 0.012061645813434798, 0.11335968929076218, 0.12050299187002393, 0.028402495147950544, 0.15388980592205012, 0.04393798778912964, 0.15532110685867348, 0.1551308143939474, 0.1277630266754068, 0.1593632141228849, 0.07683237543616861, 0.22323393922313597, 0.1399747842996092, 0.20693812046118798, 0.2398373295113275, 0.1464262364022135, 0.12665371643912357, 0.09037406850910379, 0.06171292471360474, 0.17217064582020802, 0.0738743261169403, 0.06175193203443093, 0.14029212204142322, 0.08399810262304165, 0.09939987884348124, 0.09166510874116916, 0.1652814898518933, 0.048737949566796085, 0.05721761613970579, 0.021783972506689352, 0.08813581457088111, 0.03955844801316612, 0.19199002748628657, 0.11703326075847757, 0.1628367620401344, 0.09569162069417073, 0.127227044867814, 0.06791096209400199, 0.12511252315443175, 0.19388066450706953, 0.14983457977680192, 0.11013351269183796, 0.10269876724134382, 0.15778510157701353, 0.41076925216472054, 0.20295446042927967, 0.12871958879496248, 0.10724988941392194, 0.03719709403379587, 0.06221327113109305, 0.05917873336336055, 0.11848581710514024, 0.0687987151611933, 0.041391544669396756, 0.015808528736941725, 0.07880105244227814, 0.030702633055584034, 0.05069422000848161, 0.056655363221836876, 0.0708210694758089, 0.11468063193416482, 0.14729438827633448, 0.11415403279764365, 0.0840589771795318, 0.057517810749713516, 0.10061362638790745, 0.01765297124307649, 0.10709912878465191, 0.19136514414083086, 0.24001973489538597, 0.11546024148842966, 0.07631373295085171, 0.0750666942516849, 0.022346815155814284, 0.29067288218369397, 0.035085174552722656, 0.08508944230560106, 0.025917738795365085, 0.1744900295566212, 0.2180505239195581, 0.0902605866429771, 0.10541468848594503, 0.20545243012658246]
ind_hd95s: [1.7320507764816284, 1.0, 1.4142135381698608, 26.84095001220703, 1.0, 1.4142135381698608, 1.4142135381698608, 6.907779216766357, 1.7320507764816284, 1.4142135381698608, 1.0, 1.0, 6.7082037925720215, 1.0, 3.316624879837036, 1.4142135381698608, 3.0, 25.15949058532715, 1.4142135381698608, 7.856869220733643, 2.4494898319244385, 1.4142135381698608, 1.0, 2.0, 1.4142135381698608, 1.4142135381698608, 1.0, 1.0, 1.4142135381698608, 4.582575798034668, 3.5477659702301025, 1.0, 6.4031243324279785, 1.0, 1.0, 1.4142135381698608, 3.1622776985168457, 1.0, 1.4142135381698608, 1.4142135381698608, 1.0, 1.4142135381698608, 2.4494898319244385, 9.061113357543945, 1.4142135381698608, 3.3239986896514893, 1.0, 1.4142135381698608, 13.801925659179688, 2.0, 1.4142135381698608, 1.4142135381698608, 1.0, 7.6157732009887695, 15.132745742797852, 3.316624879837036, 3.0, 1.4142135381698608, 9.219544410705566, 1.7320507764816284, 1.4142135381698608, 1.0, 1.0, 1.4142135381698608, 1.0, 1.0, 1.0, 1.0, 2.0, 11.708964347839355, 1.4142135381698608, 17.291616439819336, 1.4142135381698608, 1.4142135381698608, 1.0, 1.0, 1.0, 1.0, 4.147012710571289, 4.403287410736084, 4.123105525970459, 3.2085816860198975, 15.9998779296875, 1.0, 1.4142135381698608, 3.7416574954986572, 1.0, 4.0, 6.4031243324279785, 6.793213367462158, 1.6843751668930054, 1.0, 1.0, 1.4142135381698608, 1.0, 3.605551242828369, 11.045360565185547, 4.123105525970459, 3.7416574954986572, 1.0, 1.0, 22.379676818847656, 1.0, 3.6940202713012695, 1.0, 3.605551242828369, 14.736005783081055, 22.079376220703125, 1.4142135381698608, 2.4494898319244385]
ind_dices: [0.7384615540504456, 0.8728528022766113, 0.7946173548698425, 0.5231910943984985, 0.8520506620407104, 0.7891765236854553, 0.674542248249054, 0.6758147478103638, 0.7104413509368896, 0.7680909633636475, 0.8293168544769287, 0.8635480403900146, 0.6451127529144287, 0.893815279006958, 0.7205615043640137, 0.8155509829521179, 0.7042990922927856, 0.30674847960472107, 0.7224137783050537, 0.5725646018981934, 0.724150538444519, 0.8222875595092773, 0.8501033186912537, 0.6929628252983093, 0.7199074029922485, 0.7554154992103577, 0.8241587281227112, 0.8813810348510742, 0.6569920778274536, 0.6359967589378357, 0.6806231737136841, 0.839440107345581, 0.5904255509376526, 0.8570533394813538, 0.8464783430099487, 0.7961581945419312, 0.6979667544364929, 0.7520487904548645, 0.8138536810874939, 0.7366784811019897, 0.8479174375534058, 0.7670266032218933, 0.7017031908035278, 0.5981055498123169, 0.7699335813522339, 0.729411780834198, 0.866560161113739, 0.7983716130256653, 0.6149870753288269, 0.820650041103363, 0.7887268662452698, 0.8791095018386841, 0.9101288318634033, 0.6977401375770569, 0.7565619945526123, 0.6778783798217773, 0.7198824882507324, 0.8020551800727844, 0.7650562524795532, 0.8010852932929993, 0.8430430889129639, 0.8828900456428528, 0.8842779397964478, 0.8010672926902771, 0.8595082759857178, 0.8711864352226257, 0.8686348795890808, 0.898650050163269, 0.7509093880653381, 0.6248037815093994, 0.7475728392601013, 0.35571226477622986, 0.82649165391922, 0.8233911395072937, 0.8542154431343079, 0.8921627402305603, 0.8996495604515076, 0.8752724528312683, 0.7847446799278259, 0.7868263721466064, 0.6962233185768127, 0.6993464231491089, 0.5993691086769104, 0.8616538643836975, 0.7771202921867371, 0.7423312664031982, 0.8069077134132385, 0.7191157341003418, 0.7175585627555847, 0.8141406774520874, 0.8558764457702637, 0.9063851833343506, 0.8888533115386963, 0.7976663112640381, 0.8764439225196838, 0.7729834318161011, 0.6084933280944824, 0.7310861349105835, 0.6915887594223022, 0.8352037668228149, 0.8389914035797119, 0.4568345248699188, 0.8162621855735779, 0.7600401639938354, 0.8832230567932129, 0.7528697848320007, 0.5493826866149902, 0.5390625, 0.8511087894439697, 0.7936379313468933]
ind_avds: [7.964033603668213, 3.2117488384246826, 13.61839771270752, 1.107011079788208, 13.574868202209473, 19.230188369750977, 21.596858978271484, 3.7037036418914795, 2.899575710296631, 39.86835861206055, 6.653861999511719, 1.6705217361450195, 35.59950637817383, 1.9606335163116455, 20.73625373840332, 13.01369857788086, 40.557552337646484, 73.6434097290039, 12.065813064575195, 16.423357009887695, 41.571048736572266, 21.727500915527344, 2.4584453105926514, 12.072243690490723, 17.63224220275879, 41.120609283447266, 13.010150909423828, 4.129451274871826, 5.4200544357299805, 4.793388366699219, 15.619389533996582, 19.07553482055664, 32.64094924926758, 18.503307342529297, 15.866445541381836, 11.860776901245117, 27.693603515625, 4.721030235290527, 32.028717041015625, 20.568071365356445, 21.510236740112305, 41.80455017089844, 20.13926124572754, 4.143646240234375, 10.85814380645752, 4.95928955078125, 20.737178802490234, 1.6647661924362183, 13.493975639343262, 11.92776107788086, 6.596091270446777, 13.404178619384766, 5.607929229736328, 35.215946197509766, 9.509803771972656, 28.982301712036133, 13.85597038269043, 5.102606773376465, 10.651629447937012, 32.16535568237305, 13.07362174987793, 15.085762977600098, 5.657156944274902, 16.913183212280273, 5.410976409912109, 9.653538703918457, 18.92608642578125, 11.556674003601074, 13.759296417236328, 2.17391300201416, 28.096885681152344, 336.0382995605469, 25.66312026977539, 15.994922637939453, 12.614108085632324, 5.643415927886963, 7.840149402618408, 4.574731826782227, 8.209959983825684, 3.066037654876709, 25.125627517700195, 20.972097396850586, 14.980545043945312, 8.236181259155273, 20.362651824951172, 4.468835830688477, 1.0251630544662476, 11.263736724853516, 20.516775131225586, 8.692476272583008, 14.322076797485352, 1.5496556758880615, 12.955889701843262, 12.532279968261719, 9.356799125671387, 32.602622985839844, 63.24655532836914, 18.494272232055664, 0.48342540860176086, 1.8279355764389038, 3.8749732971191406, 130.95237731933594, 4.978487968444824, 0.4008015990257263, 2.943272590637207, 29.18484115600586, 66.8863296508789, 24.175825119018555, 16.62250328063965, 29.279293060302734]
ueos: [0.0014334922889247537, 0.1891636997461319, 0.24359257519245148, 0.2824156582355499, 0.3134358525276184, 0.3399674594402313, 0.3630892038345337, 0.3835870921611786, 0.40148037672042847, 0.416794091463089, 0.42729464173316956, 0.43335965275764465, 0.4277249872684479, 0.39510607719421387, 0.09478440880775452, 0.023857159540057182, 0.01741335354745388, 0.013455088250339031, 0.010561804287135601, 0.008095801807940006, 0.005600793287158012, 0.0030372291803359985]
mean_FN_coverage: [0.694915235042572, 0.6684682369232178, 0.6528154611587524, 0.6351724863052368, 0.6178185939788818, 0.5996204018592834, 0.5778544545173645, 0.556126594543457, 0.5317521095275879, 0.5049307346343994, 0.46904125809669495, 0.4271547496318817, 0.37123942375183105, 0.28719446063041687, 0.03891918435692787, 0.0055551775731146336, 0.003781480947509408, 0.0028707105666399, 0.0022529212292283773, 0.0017814282327890396, 0.0012569013051688671, 0.0004727489431388676]
size_entirely_missed_lesions: [nan, 2.676767587661743, 2.913907289505005, 3.0306122303009033, 2.9915966987609863, 3.0363636016845703, 2.9779179096221924, 2.983379602432251, 3.022387981414795, 3.0695066452026367, 3.165048599243164, 3.1941580772399902, 3.282674789428711, 3.3992197513580322, 3.6182336807250977, 3.6921658515930176, 3.6961326599121094, 3.699172019958496, 3.699172019958496, 3.8229358196258545, 3.8214285373687744, 3.8391225337982178]
mean_missed_lesion_coverage: [1.0, 0.8646945953369141, 0.7975594997406006, 0.7287417054176331, 0.6674830913543701, 0.6115217804908752, 0.5497706532478333, 0.4992285668849945, 0.45038607716560364, 0.4044722020626068, 0.3474533259868622, 0.2926294803619385, 0.2345954179763794, 0.15885862708091736, 0.016303734853863716, 0.004796991590410471, 0.004614266101270914, 0.004344203043729067, 0.003923865966498852, 0.0025985888205468655, 0.0008634288096800447, 0.0004566209972836077]
prop_entirely_missed: [0.0, 0.016134290024638176, 0.02460886538028717, 0.03194263204932213, 0.03878748416900635, 0.044817470014095306, 0.051662322133779526, 0.05883311480283737, 0.06551499664783478, 0.07268578559160233, 0.08393090218305588, 0.09485006332397461, 0.10723598301410675, 0.12532594799995422, 0.17161017656326294, 0.17682529985904694, 0.17698825895786285, 0.17715123295783997, 0.17715123295783997, 0.1776401549577713, 0.17796610295772552, 0.17829205095767975]
