bras: 0.9124375457564989
ece: 0.08158587285542584
dice: 0.7599999904632568
f1: 0.7099999785423279
avd: 19.969999313354492
hd95: 3.869999885559082
recall: 0.7300000190734863
max ueo: 0.43335965275764465
undetected clusters at max ueo: 0.09485006332397461
confidences: [           nan 9.09750088e-05 7.54976273e-02 1.29667521e-01
 1.82904765e-01 2.35888779e-01 2.88780808e-01 3.41578126e-01
 3.94369990e-01 4.47166979e-01 4.99840230e-01 5.52692056e-01
 6.05334222e-01 6.58168018e-01 7.10641623e-01 7.63585389e-01
 8.16504955e-01 8.69573116e-01 9.23400283e-01 9.86821890e-01]
accuracies: [           nan 5.64107846e-05 6.10773251e-02 9.87668212e-02
 1.40758089e-01 1.74551793e-01 2.12326230e-01 2.52228114e-01
 2.95620211e-01 3.42067540e-01 3.81113988e-01 4.24507973e-01
 4.75021502e-01 5.33650291e-01 5.84813308e-01 6.47248502e-01
 7.12634864e-01 7.81426053e-01 8.58840512e-01 9.55666242e-01]
