confidences: [       nan 0.00103474 0.07483079 0.12948489 0.18278924 0.23584555
 0.28873622 0.34162796 0.39431974 0.44723946 0.49991816 0.55266327
 0.60524958 0.65816182 0.71098614 0.76371086 0.81679779 0.86978722
 0.92377877 0.98192388]
accuracies: [           nan 6.72454478e-05 6.45756130e-02 1.09826384e-01
 1.49020228e-01 1.87068382e-01 2.30411469e-01 2.66662539e-01
 3.01424404e-01 3.47038277e-01 3.93620234e-01 4.30395419e-01
 4.79783857e-01 5.31824254e-01 5.89812422e-01 6.44391122e-01
 7.12381925e-01 7.84548380e-01 8.68015701e-01 9.66336528e-01]
ind_eces: [0.062445553855217203, 0.05596384468914114, 0.11348933636179916, 0.09939613453982775, 0.04507435102844775, 0.12137990967292284, 0.03482619047329421, 0.027234898805323482, 0.03176316179128234, 0.17969794418618618, 0.06902273209011955, 0.03433411524922628, 0.12175661996636286, 0.05219184580548575, 0.07844387241551203, 0.12130509966000168, 0.22401004378903966, 0.09137869264810297, 0.11307568661275441, 0.06507193949640723, 0.19071086659284667, 0.17453226512752587, 0.02027982489670043, 0.10682218551092128, 0.1493968913180655, 0.1980974108983007, 0.13510419781582114, 0.09428011410988288, 0.08965544331909839, 0.08542249936724011, 0.0417448861739406, 0.1009134882855021, 0.04608550700445261, 0.15839957852912587, 0.12958752338321872, 0.13257874212860524, 0.14415619073850938, 0.03589706943493934, 0.23774889068146512, 0.13192126931867135, 0.1842464093426429, 0.18590958345622305, 0.15024503735775185, 0.054354643513452934, 0.0649031927405329, 0.06282731317817675, 0.14447197134832349, 0.06270043973324971, 0.08304627170731203, 0.09077124977395781, 0.12628320121136552, 0.029951849862327337, 0.07890301810072047, 0.18860620968997108, 0.03628753257603754, 0.04714634085868384, 0.03285694417756332, 0.07416449803339625, 0.06978300587771386, 0.20245746191365338, 0.12278248379679196, 0.1348942797578405, 0.09219974834719352, 0.12220036936428194, 0.070892733334993, 0.12234448937642467, 0.19097380934399621, 0.16813629338184477, 0.15015425947077535, 0.12790047559831696, 0.18175944429373125, 0.41005873355908967, 0.1823479921357603, 0.16506700695837498, 0.04865370822706457, 0.030045378854255664, 0.04996293323804752, 0.033760759348278206, 0.10179660517752215, 0.08673674584780028, 0.06816757847362917, 0.05735942420976446, 0.054843935060194325, 0.026452468237220736, 0.069479920875082, 0.01892831037392505, 0.05313840562604893, 0.0734972725266666, 0.1781707016961345, 0.14581150193867792, 0.09048128681869289, 0.033878925377252136, 0.08351013750134814, 0.020449987215474384, 0.08762109261827099, 0.24208477312445384, 0.17086792127623854, 0.06223614158545995, 0.03870166604774187, 0.048436335599977065, 0.035781752198319666, 0.20008621454266423, 0.028007248638086974, 0.04758061636286961, 0.050903934431309285, 0.1597518180926178, 0.19213011648409972, 0.044118214851364905, 0.11977746138867132, 0.20736819124959438]
ind_hd95s: [3.1622776985168457, 1.0, 1.4142135381698608, 26.955453872680664, 1.0, 1.4142135381698608, 4.521833896636963, 11.618704795837402, 3.605551242828369, 1.4142135381698608, 1.0, 1.0, 11.965031623840332, 1.0, 4.582575798034668, 1.4142135381698608, 2.4494898319244385, 28.7540283203125, 1.7320507764816284, 10.317418098449707, 1.4618891477584839, 1.4142135381698608, 1.0, 3.7416574954986572, 1.4142135381698608, 1.4142135381698608, 1.4142135381698608, 1.0, 1.7320507764816284, 5.458813190460205, 5.0792155265808105, 1.0, 7.57291316986084, 1.0, 1.0, 2.4494898319244385, 3.1622776985168457, 2.4494898319244385, 1.4142135381698608, 1.4142135381698608, 1.0, 1.4142135381698608, 3.1622776985168457, 9.107681274414062, 1.4142135381698608, 7.489937782287598, 1.0, 1.7320507764816284, 14.177447319030762, 3.316624879837036, 1.7320507764816284, 1.0, 1.0, 7.017766952514648, 5.0, 8.424367904663086, 8.169684410095215, 1.4142135381698608, 8.485280990600586, 1.7320507764816284, 1.0, 1.0, 1.0, 1.4142135381698608, 1.0, 1.0, 1.0, 1.0, 1.4142135381698608, 10.525557518005371, 1.4142135381698608, 17.029386520385742, 1.4142135381698608, 1.4618891477584839, 1.0, 1.0, 1.0, 1.0, 7.293781757354736, 5.0693135261535645, 10.679414749145508, 9.126849174499512, 9.380226135253906, 1.4142135381698608, 2.2360680103302, 4.918983459472656, 3.316624879837036, 6.4031243324279785, 5.916079998016357, 5.099019527435303, 2.2360680103302, 1.0, 1.0, 1.4142135381698608, 1.0, 3.605551242828369, 14.73091983795166, 8.817562103271484, 5.385164737701416, 2.2360680103302, 1.4142135381698608, 18.313451766967773, 2.2360680103302, 6.327550888061523, 1.0, 3.7416574954986572, 12.062320709228516, 21.99201774597168, 1.4142135381698608, 3.316624879837036]
ind_dices: [0.689681351184845, 0.8740304112434387, 0.7949526906013489, 0.5267857313156128, 0.8489029407501221, 0.7761968374252319, 0.6766809821128845, 0.6577946543693542, 0.6757460236549377, 0.7455353736877441, 0.8262624740600586, 0.8648527264595032, 0.5777778029441833, 0.9002777338027954, 0.6958677768707275, 0.8016014099121094, 0.697363555431366, 0.20540539920330048, 0.7161645889282227, 0.5936254858970642, 0.736598551273346, 0.8056061863899231, 0.8495006561279297, 0.6762790679931641, 0.7130144834518433, 0.7573246955871582, 0.8087660670280457, 0.8923982381820679, 0.6369770765304565, 0.6199133992195129, 0.6699314117431641, 0.8471065759658813, 0.5489815473556519, 0.8484283685684204, 0.8425421714782715, 0.792747437953949, 0.697692334651947, 0.7385057210922241, 0.8022476434707642, 0.727642297744751, 0.855445921421051, 0.7769378423690796, 0.684518039226532, 0.6224961280822754, 0.7796609997749329, 0.6818980574607849, 0.8722205758094788, 0.7883731722831726, 0.5655608177185059, 0.8086219429969788, 0.7803598046302795, 0.895031750202179, 0.9123969078063965, 0.6719367504119873, 0.7570045590400696, 0.6236842274665833, 0.6946946978569031, 0.7897266745567322, 0.7946767807006836, 0.7871204614639282, 0.8467153310775757, 0.8866736888885498, 0.8730438947677612, 0.7996400594711304, 0.8509678840637207, 0.8605177402496338, 0.8648621439933777, 0.8909618854522705, 0.7409512400627136, 0.6543778777122498, 0.7347418069839478, 0.3791981637477875, 0.8291326761245728, 0.8029868006706238, 0.863490104675293, 0.8835576176643372, 0.8964830636978149, 0.8738071918487549, 0.7865612506866455, 0.7857566475868225, 0.6819162964820862, 0.6541655659675598, 0.6129032373428345, 0.8644067645072937, 0.7643793821334839, 0.769718587398529, 0.7898837327957153, 0.7422252893447876, 0.6684271097183228, 0.8189547657966614, 0.8596875667572021, 0.9108264446258545, 0.9002124667167664, 0.804254949092865, 0.8794768452644348, 0.7393823862075806, 0.6840620636940002, 0.7409948706626892, 0.6731780767440796, 0.8323571085929871, 0.83352130651474, 0.5347985625267029, 0.8109501004219055, 0.7558635473251343, 0.8934785723686218, 0.7418501377105713, 0.5745404958724976, 0.4883520305156708, 0.8419991135597229, 0.8197088837623596]
ind_avds: [30.700063705444336, 3.935154914855957, 16.42112922668457, 34.68634796142578, 2.751662492752075, 15.350943565368652, 17.01570701599121, 22.89562225341797, 23.444129943847656, 28.5096378326416, 7.284949779510498, 0.4818812608718872, 49.8145866394043, 2.083653688430786, 30.84808921813965, 9.962639808654785, 42.1762580871582, 85.27131652832031, 15.447897911071777, 16.788320541381836, 28.86142921447754, 23.053775787353516, 1.6621876955032349, 4.372623443603516, 26.448362350463867, 34.9952507019043, 17.42283058166504, 8.97227668762207, 0.8130081295967102, 9.090909004211426, 16.69658851623535, 11.183765411376953, 47.03264236450195, 20.29431915283203, 12.748344421386719, 12.637215614318848, 18.8552188873291, 9.910261154174805, 34.92357635498047, 16.846229553222656, 18.239830017089844, 29.136505126953125, 20.032136917114258, 20.718231201171875, 6.654991149902344, 31.532197952270508, 16.21794891357422, 1.5051311254501343, 47.469879150390625, 0.6929861307144165, 17.263843536376953, 6.0379180908203125, 4.721094131469727, 52.15946960449219, 7.549019813537598, 31.858407974243164, 17.86690902709961, 1.9134775400161743, 2.25563907623291, 35.9842529296875, 14.83988094329834, 12.504287719726562, 7.242136001586914, 14.405144691467285, 5.655758857727051, 9.327805519104004, 18.373661041259766, 14.146197319030762, 26.03110122680664, 2.17391300201416, 35.84775161743164, 303.5030212402344, 22.768278121948242, 21.00920295715332, 3.1224067211151123, 0.8490095138549805, 7.402674198150635, 0.759702742099762, 4.306864261627197, 1.297169804573059, 33.66834259033203, 31.998199462890625, 19.06614875793457, 7.67936897277832, 23.530637741088867, 2.1952176094055176, 5.615097999572754, 1.2362637519836426, 33.66756820678711, 14.779644966125488, 14.23723030090332, 0.749833345413208, 9.675727844238281, 11.499316215515137, 7.1663713455200195, 48.463356018066406, 17.151607513427734, 9.165303230285645, 16.160221099853516, 3.2584939002990723, 10.190537452697754, 43.75, 9.157958984375, 12.0240478515625, 5.045609951019287, 26.63576889038086, 42.009883880615234, 40.79670333862305, 18.100284576416016, 25.706544876098633]
ueos: [0.001418253523297608, 0.10387925058603287, 0.20021364092826843, 0.25677618384361267, 0.3020499348640442, 0.3338150084018707, 0.3598860204219818, 0.3818071782588959, 0.39972373843193054, 0.4139639139175415, 0.42506855726242065, 0.43100598454475403, 0.4290599226951599, 0.41442763805389404, 0.35973578691482544, 0.1636146754026413, 0.0591651014983654, 0.027046818286180496, 0.015064869076013565, 0.009151527658104897, 0.005283612757921219, 0.0021779334638267756]
mean_FN_coverage: [0.7247392535209656, 0.7091529369354248, 0.6827086806297302, 0.6565345525741577, 0.6343485116958618, 0.611489474773407, 0.5857238173484802, 0.5607402324676514, 0.5334153771400452, 0.5042415261268616, 0.4719361364841461, 0.4353415369987488, 0.38865867257118225, 0.3305895924568176, 0.23905588686466217, 0.08148752152919769, 0.02193380892276764, 0.008704489096999168, 0.004127229563891888, 0.0022014803253114223, 0.0010591093450784683, 0.0006135244038887322]
size_entirely_missed_lesions: [nan, 3.6034483909606934, 3.429530143737793, 3.3442623615264893, 3.388554334640503, 3.6441102027893066, 3.584388256072998, 3.600371837615967, 3.58890700340271, 3.6170520782470703, 3.7067861557006836, 3.8041958808898926, 3.83716082572937, 3.860663414001465, 4.212510585784912, 4.184694766998291, 4.187970161437988, 4.2164530754089355, 4.24378776550293, 4.24378776550293, 4.254350662231445, 4.3092851638793945]
mean_missed_lesion_coverage: [1.0, 0.9384496808052063, 0.8389330506324768, 0.7450233101844788, 0.6728633046150208, 0.6060081720352173, 0.5366604328155518, 0.4798239469528198, 0.4224940240383148, 0.36642104387283325, 0.3113998770713806, 0.26480773091316223, 0.20681223273277283, 0.15682801604270935, 0.10853540897369385, 0.04050184041261673, 0.008692669682204723, 0.004065739922225475, 0.003032516920939088, 0.0025361543521285057, 0.0007406453369185328, 0.0003752501797862351]
prop_entirely_missed: [0.0, 0.009452411904931068, 0.024282921105623245, 0.03976532071828842, 0.05410690978169441, 0.06502607464790344, 0.07724902033805847, 0.08767926692962646, 0.09990222007036209, 0.11277705430984497, 0.12728162109851837, 0.13983051478862762, 0.15612776577472687, 0.17193610966205597, 0.19018904864788055, 0.22147978842258453, 0.23842895030975342, 0.24168840050697327, 0.24266622960567474, 0.24266622960567474, 0.2434810996055603, 0.24397000670433044]
