bras: 0.8876738771796227
ece: 0.07482535266664636
dice: 0.7599999904632568
f1: 0.6800000071525574
avd: 20.479999542236328
hd95: 4.400000095367432
recall: 0.6299999952316284
max ueo: 0.43100598454475403
undetected clusters at max ueo: 0.13983051478862762
confidences: [       nan 0.00103474 0.07483079 0.12948489 0.18278924 0.23584555
 0.28873622 0.34162796 0.39431974 0.44723946 0.49991816 0.55266327
 0.60524958 0.65816182 0.71098614 0.76371086 0.81679779 0.86978722
 0.92377877 0.98192388]
accuracies: [           nan 6.72454478e-05 6.45756130e-02 1.09826384e-01
 1.49020228e-01 1.87068382e-01 2.30411469e-01 2.66662539e-01
 3.01424404e-01 3.47038277e-01 3.93620234e-01 4.30395419e-01
 4.79783857e-01 5.31824254e-01 5.89812422e-01 6.44391122e-01
 7.12381925e-01 7.84548380e-01 8.68015701e-01 9.66336528e-01]
