confidences: [       nan 0.03518846 0.07563127 0.11810362 0.18234079 0.23563844
 0.28896824 0.34175798 0.3947058  0.44781959 0.50058442 0.55346525
 0.60606623 0.65798753 0.71009171 0.76226729 0.81456435 0.86677837
 0.9182924  0.965518  ]
accuracies: [           nan 6.23838475e-04 1.08022826e-04 4.01736292e-02
 1.74710910e-01 2.35768673e-01 2.98564800e-01 3.64276569e-01
 4.34911671e-01 5.25061083e-01 6.30762690e-01 7.35822865e-01
 8.30005427e-01 8.82207705e-01 9.11009089e-01 9.29182373e-01
 9.41957949e-01 9.54074272e-01 9.66911274e-01 9.77574030e-01]
ind_eces: [0.047417020697205645, 0.13778988835818465, 0.08669490792699114, 0.14172910733231778, 0.08742591437000174, 0.06322011757964428, 0.11274981627183028, 0.060185100512336165, 0.04494708499750376, 0.09647819199689554, 0.1046358235705836, 0.13878992596734224, 0.05850588037052093, 0.13814984249696616, 0.07350554020145955, 0.11418548197619494, 0.17341246877658398, 0.10444121969081253, 0.06769988092988045, 0.0819221844944014, 0.16052538465849583, 0.10310233290907121, 0.11136139173481403, 0.08007264768973588, 0.07842468718834544, 0.11282396828829845, 0.08141986333909122, 0.12472307793085428, 0.11430690061502737, 0.1344413107341501, 0.05061249140138097, 0.09745518014929114, 0.09654367560433359, 0.11465484287889212, 0.10563842956005354, 0.07707881433590237, 0.09539229911535775, 0.024929096128517063, 0.13330049045565343, 0.1106475875481184, 0.11929534542348073, 0.12673790501663393, 0.07533150702087883, 0.1543521162746383, 0.07194134279310889, 0.06242058096947935, 0.1324302628785615, 0.06577485319456325, 0.05599311903293572, 0.09502523196747609, 0.10982794167396198, 0.19731583769550332, 0.20107279073426385, 0.09592687870687173, 0.12246391102613867, 0.08909981829496434, 0.09573927440028006, 0.12738165237020413, 0.14190522809943096, 0.10896710641271998, 0.17271080215137694, 0.1542399102275015, 0.19047773139508153, 0.10134968782213012, 0.16166079998696598, 0.132483469727951, 0.14973845594079035, 0.14739797152753467, 0.0811657060584336, 0.049271156264110764, 0.07118686970582964, 0.21077397169935252, 0.13177450623377357, 0.10962205895776059, 0.1611891303526634, 0.1805271996612797, 0.2732504801082014, 0.15636703667816976, 0.11559451897328844, 0.11477179358352012, 0.07170517863777659, 0.030974682218600016, 0.061774634206479204, 0.14710555544351914, 0.10856867806773496, 0.07687816468518076, 0.07874220106119663, 0.08347910915520824, 0.07318043419206359, 0.07752618663724217, 0.16204695064205213, 0.1557739998657789, 0.18610968588185972, 0.1206001549797841, 0.1106418176757813, 0.10454345138970937, 0.2292714712606831, 0.10457719438654516, 0.04173894376882644, 0.08737243118441924, 0.09237985723871606, 0.2964350841427905, 0.06877728833848876, 0.16666278392931952, 0.13326423679634777, 0.06338750387148721, 0.2731927287713902, 0.05528420742870255, 0.17739438626700674, 0.31034550792669496]
ind_hd95s: [10.488088607788086, 1.4142135381698608, 1.4142135381698608, 42.72584915161133, 1.4142135381698608, 2.0, 24.413110733032227, 7.464724540710449, 4.0, 1.7320507764816284, 1.4142135381698608, 1.0, 14.38914680480957, 1.0, 11.224971771240234, 5.4772257804870605, 2.4494898319244385, 24.73443031311035, 1.4142135381698608, 8.41187572479248, 3.1622776985168457, 2.0, 1.0, 7.875643730163574, 1.4142135381698608, 1.7320507764816284, 1.4142135381698608, 1.0, 5.019003391265869, 7.78442907333374, 6.164413928985596, 1.0, 6.352054595947266, 1.4142135381698608, 1.0, 10.049875259399414, 4.652671813964844, 4.123105525970459, 2.0, 2.2360680103302, 1.0, 2.4494898319244385, 3.632772445678711, 10.19311237335205, 1.7320507764816284, 7.549834251403809, 1.4142135381698608, 2.0, 22.525331497192383, 4.0, 3.0, 1.4142135381698608, 1.4142135381698608, 3.0, 9.460407257080078, 10.064691543579102, 13.86396312713623, 3.0, 8.514642715454102, 1.4142135381698608, 1.4142135381698608, 1.0, 2.2360680103302, 6.7082037925720215, 2.4494898319244385, 2.4494898319244385, 2.4494898319244385, 1.0, 4.690415859222412, 13.186725616455078, 3.9323813915252686, 15.36229133605957, 1.4142135381698608, 3.0, 1.7320507764816284, 2.2360680103302, 2.4494898319244385, 1.7320507764816284, 17.464248657226562, 5.718250274658203, 11.569345474243164, 5.099019527435303, 11.297311782836914, 1.4142135381698608, 2.4174764156341553, 9.05538558959961, 1.4142135381698608, 6.4031243324279785, 4.690415859222412, 4.742556571960449, 8.306623458862305, 1.0, 1.0, 3.0, 1.0, 3.605551242828369, 20.074859619140625, 9.393890380859375, 7.456345558166504, 3.0, 1.4142135381698608, 24.8492488861084, 5.45421028137207, 9.273618698120117, 1.0, 3.0, 18.6279354095459, 21.18956756591797, 1.4142135381698608, 5.099019527435303]
ind_dices: [0.7184334993362427, 0.8549587726593018, 0.7546207904815674, 0.47999998927116394, 0.8290101885795593, 0.7609547972679138, 0.64462810754776, 0.6577629446983337, 0.6777396202087402, 0.7348891496658325, 0.7967258095741272, 0.8557479381561279, 0.6166008114814758, 0.8838662505149841, 0.6708860993385315, 0.7627958059310913, 0.641363799571991, 0.42222222685813904, 0.7051124572753906, 0.5574387907981873, 0.6516776084899902, 0.8082807660102844, 0.819310188293457, 0.6589595079421997, 0.6953189373016357, 0.7277947664260864, 0.7855719327926636, 0.8693495392799377, 0.6406619548797607, 0.5047468543052673, 0.6644230484962463, 0.8092542886734009, 0.5393586158752441, 0.8387194871902466, 0.814548134803772, 0.763188898563385, 0.6742046475410461, 0.7284533381462097, 0.7665472626686096, 0.678012490272522, 0.8622505068778992, 0.7450938820838928, 0.6730721592903137, 0.5394737124443054, 0.7731788158416748, 0.7003205418586731, 0.836815357208252, 0.7822554111480713, 0.6061452627182007, 0.8045803308486938, 0.8017241358757019, 0.8641247153282166, 0.9011040329933167, 0.6485671401023865, 0.7094255685806274, 0.6290115714073181, 0.6468973159790039, 0.774612545967102, 0.739099383354187, 0.8034438490867615, 0.8381472229957581, 0.8899636268615723, 0.8440488576889038, 0.7737571597099304, 0.8170885443687439, 0.856016993522644, 0.8809119462966919, 0.890188455581665, 0.7332521080970764, 0.5645756721496582, 0.7194192409515381, 0.44935569167137146, 0.8315976858139038, 0.7840492725372314, 0.8398471474647522, 0.8572190403938293, 0.819920539855957, 0.8357099890708923, 0.7787732481956482, 0.7318652868270874, 0.6376920342445374, 0.679193377494812, 0.5928338766098022, 0.84905606508255, 0.7778024077415466, 0.7457217574119568, 0.7729125022888184, 0.6738715767860413, 0.7019128203392029, 0.7980011105537415, 0.8571935296058655, 0.8975219130516052, 0.8970839381217957, 0.7710921764373779, 0.8571088910102844, 0.7282379865646362, 0.47520288825035095, 0.6847507357597351, 0.6024636030197144, 0.80489182472229, 0.8044814467430115, 0.3183962404727936, 0.7968418002128601, 0.6257911324501038, 0.8830317854881287, 0.7378272414207458, 0.3905723989009857, 0.5855161547660828, 0.8547045588493347, 0.7305399775505066]
ind_avds: [9.76236343383789, 2.749814748764038, 25.51203727722168, 15.498154640197754, 21.004356384277344, 19.426414489746094, 21.72774887084961, 1.6835017204284668, 14.780763626098633, 41.74894332885742, 21.23748207092285, 0.03212541714310646, 12.360939025878906, 0.653544545173645, 23.299161911010742, 26.27646255493164, 79.58633422851562, 60.46511459350586, 23.49177360534668, 6.204379558563232, 55.16328430175781, 15.61437702178955, 4.339603900909424, 13.783269882202148, 30.037782669067383, 48.05318069458008, 18.251501083374023, 8.108108520507812, 29.268293380737305, 8.925620079040527, 13.285457611083984, 27.080045700073242, 3.56083083152771, 24.857402801513672, 22.295804977416992, 4.524765491485596, 19.612794876098633, 1.716738224029541, 45.62297439575195, 50.34280014038086, 4.50678014755249, 42.399173736572266, 17.40760612487793, 51.93370056152344, 11.558669090270996, 15.247964859008789, 27.05128288269043, 7.685290813446045, 27.469879150390625, 5.6068878173828125, 7.81758975982666, 15.67443561553955, 8.29451847076416, 20.26578140258789, 24.215686798095703, 27.65486717224121, 34.00182342529297, 12.118691444396973, 24.686716079711914, 14.921259880065918, 12.545394897460938, 0.38593482971191406, 16.435016632080078, 9.839228630065918, 15.743365287780762, 4.619484901428223, 1.6020328998565674, 4.957087993621826, 5.713319778442383, 31.677019119262695, 9.342560768127441, 177.44454956054688, 12.037161827087402, 16.470962524414062, 9.95850658416748, 12.751790046691895, 26.779394149780273, 8.901734352111816, 4.710632801055908, 17.924528121948242, 8.399138450622559, 3.600360155105591, 20.817121505737305, 5.52752161026001, 11.838266372680664, 5.292042255401611, 22.949674606323242, 16.071428298950195, 34.88237380981445, 19.25979995727539, 8.628881454467773, 2.982670545578003, 6.874859809875488, 12.927236557006836, 12.838693618774414, 55.03976058959961, 139.6630859375, 23.240589141845703, 14.986187934875488, 11.206040382385254, 15.928067207336426, 304.76190185546875, 2.397049903869629, 53.30661392211914, 0.08551881462335587, 22.846237182617188, 191.4332733154297, 21.703296661376953, 12.505095481872559, 40.413150787353516]
ueos: [0.001571245607919991, 0.0015712396707385778, 0.001571164233610034, 0.0015709877479821444, 0.0015705664409324527, 0.0015699350042268634, 0.0015690445434302092, 0.0015675406903028488, 0.001565639628097415, 0.0015629208646714687, 0.001559348776936531, 0.0015545750502496958, 0.0015438040718436241, 0.0015226742252707481, 0.0014919486129656434, 0.0014839402865618467, 0.0018707264680415392, 0.02538507804274559, 0.2069983333349228, 0.37828028202056885, 0.39465242624282837, 0.3527252972126007]
mean_FN_coverage: [0.7628748416900635, 0.7628748416900635, 0.7628748416900635, 0.7628748416900635, 0.7628748416900635, 0.7628748416900635, 0.7628748416900635, 0.7628748416900635, 0.7628748416900635, 0.76287442445755, 0.7622676491737366, 0.7586299180984497, 0.745589017868042, 0.7171664834022522, 0.6805649399757385, 0.6415306329727173, 0.5861803293228149, 0.5155150890350342, 0.4659181833267212, 0.41765260696411133, 0.3580198884010315, 0.2607380151748657]
size_entirely_missed_lesions: [nan, nan, nan, nan, nan, nan, nan, nan, nan, nan, 2.0, 1.899999976158142, 2.0188679695129395, 2.412121295928955, 2.8262195587158203, 3.0407330989837646, 3.3922650814056396, 4.096226215362549, 4.239469528198242, 4.340925216674805, 4.418814659118652, 4.474173069000244]
mean_missed_lesion_coverage: [1.0, 1.0, 1.0, 1.0, 1.0, 1.0, 1.0, 1.0, 1.0, 1.0, 0.9982523322105408, 0.9884389042854309, 0.9517503380775452, 0.8713827729225159, 0.7701454162597656, 0.6661970019340515, 0.5205908417701721, 0.3408856689929962, 0.24416056275367737, 0.17802982032299042, 0.12147215753793716, 0.0609024316072464]
prop_entirely_missed: [0.0, 0.0, 0.0, 0.0, 0.0, 0.0, 0.0, 0.0, 0.0, 0.0, 0.00016297261754516512, 0.0016297262627631426, 0.008637549355626106, 0.026890482753515244, 0.05345502123236656, 0.08001955598592758, 0.11799217760562897, 0.17275097966194153, 0.20893089473247528, 0.2289765328168869, 0.2529335021972656, 0.28080183267593384]
