bras: 0.3656969865163167
ece: 0.09206487362929883
dice: 0.7300000190734863
f1: 0.6299999952316284
avd: 25.219999313354492
hd95: 5.920000076293945
recall: 0.550000011920929
max ueo: 0.39465242624282837
undetected clusters at max ueo: 0.2529335021972656
confidences: [       nan 0.03518846 0.07563127 0.11810362 0.18234079 0.23563844
 0.28896824 0.34175798 0.3947058  0.44781959 0.50058442 0.55346525
 0.60606623 0.65798753 0.71009171 0.76226729 0.81456435 0.86677837
 0.9182924  0.965518  ]
accuracies: [           nan 6.23838475e-04 1.08022826e-04 4.01736292e-02
 1.74710910e-01 2.35768673e-01 2.98564800e-01 3.64276569e-01
 4.34911671e-01 5.25061083e-01 6.30762690e-01 7.35822865e-01
 8.30005427e-01 8.82207705e-01 9.11009089e-01 9.29182373e-01
 9.41957949e-01 9.54074272e-01 9.66911274e-01 9.77574030e-01]
