confidences: [           nan 9.28197260e-05 7.53943026e-02 1.29652083e-01
 1.82999462e-01 2.35838905e-01 2.88823903e-01 3.41571718e-01
 3.94365340e-01 4.47124511e-01 4.99955088e-01 5.52558184e-01
 6.05393231e-01 6.58136845e-01 7.10831344e-01 7.63583541e-01
 8.16484511e-01 8.69648814e-01 9.23389494e-01 9.82659400e-01]
accuracies: [           nan 6.49497487e-05 6.52763333e-02 1.09336056e-01
 1.51889363e-01 1.99571417e-01 2.44980397e-01 2.90069830e-01
 3.32507537e-01 3.84199134e-01 4.32558917e-01 4.83557218e-01
 5.43846443e-01 5.94295136e-01 6.52295334e-01 7.10834638e-01
 7.76160583e-01 8.39251841e-01 9.06382633e-01 9.73193342e-01]
ind_eces: [0.06710822447650647, 0.018665253442084122, 0.030319961474220312, 0.04862405262903685, 0.04042141427137326, 0.07741707328656938, 0.027374546131242, 0.02090383731499593, 0.05869882926846057, 0.11976726848022991, 0.02444582891539043, 0.025141763394948155, 0.11112071687624178, 0.021285058629255168, 0.09576881598534233, 0.07841558233606655, 0.18677052298128657, 0.12833541282275276, 0.0749554440656976, 0.07269641581894185, 0.13933295257234166, 0.12331739355450659, 0.024885851025621117, 0.07849736795296926, 0.07474895335493956, 0.18398295850665444, 0.061819651482575275, 0.027268096561539938, 0.049796497797414255, 0.03616878032456383, 0.04402504850333227, 0.12265523869901064, 0.049528675778858056, 0.10653525907343216, 0.10939409704319124, 0.04468676683014425, 0.11490548178572967, 0.016393667639573138, 0.2074622271775134, 0.09360128078966215, 0.11041230682458553, 0.20842891435706662, 0.10775190837279695, 0.08809737754006226, 0.055873975347551647, 0.038254548968110744, 0.11620355705364122, 0.03436092891685108, 0.054985400952133744, 0.05307802945164061, 0.058055535046483434, 0.07557040657438924, 0.0796291465762399, 0.12025571616901015, 0.05700059050970628, 0.04697800953915398, 0.039457794139418016, 0.0433928422668183, 0.048352998168382705, 0.21059305936145806, 0.10410713575151692, 0.13949683599075283, 0.07034447413601033, 0.14361022148210656, 0.026244644411876107, 0.09920043926737455, 0.1931068924002751, 0.1575807298276039, 0.09959985494740399, 0.05928323119463622, 0.14478847192882163, 0.39818450711368913, 0.20058959308456994, 0.125698515548816, 0.06222736481768586, 0.027412390485270326, 0.0681682960877668, 0.053343055830351184, 0.04315731425341793, 0.06799326792815837, 0.05316139252918065, 0.0387632204631197, 0.04055620996368364, 0.04079171796079692, 0.06271267796974107, 0.03558939671277391, 0.027718495057976866, 0.054660113661568394, 0.1323033785324352, 0.07560071106729377, 0.09981497000685695, 0.038579467201644714, 0.12962907399727552, 0.08279249246420188, 0.07180713990012856, 0.1639383805942966, 0.19677372988049946, 0.06989778283110357, 0.024051622837993312, 0.046948958181614237, 0.07198222232871718, 0.19829486213040695, 0.0925603481308484, 0.04831374159181019, 0.053716591278496074, 0.12448700233881088, 0.15809016648075794, 0.027039148465829405, 0.12077077185552668, 0.20706771980656005]
ind_hd95s: [3.605551242828369, 1.0, 1.0, 25.16773223876953, 1.0, 1.4142135381698608, 3.527754068374634, 7.071067810058594, 3.1622776985168457, 1.4142135381698608, 1.4142135381698608, 1.0, 11.704699516296387, 1.0, 5.385164737701416, 1.4142135381698608, 1.4142135381698608, 28.04267120361328, 1.4142135381698608, 7.856869220733643, 1.4142135381698608, 1.4142135381698608, 1.0, 4.488701820373535, 1.7320507764816284, 1.4142135381698608, 1.0, 1.0, 5.4772257804870605, 7.307061195373535, 4.242640495300293, 1.0, 8.662749290466309, 1.0, 1.0, 3.1622776985168457, 3.0, 2.2360680103302, 1.4142135381698608, 1.4142135381698608, 1.0, 1.4142135381698608, 3.3461201190948486, 9.682291030883789, 1.4142135381698608, 6.4070048332214355, 1.0, 1.7320507764816284, 13.94110107421875, 2.4494898319244385, 1.7320507764816284, 1.0, 1.0, 6.7082037925720215, 6.592727184295654, 3.316624879837036, 5.196152210235596, 1.4142135381698608, 9.148622512817383, 2.2360680103302, 1.4142135381698608, 1.0, 1.0, 1.4142135381698608, 1.0, 1.0, 1.0, 1.0, 1.4142135381698608, 12.688039779663086, 1.4142135381698608, 16.471160888671875, 1.4142135381698608, 1.4142135381698608, 1.0, 1.4142135381698608, 1.0, 1.0, 13.505521774291992, 5.602965831756592, 4.700843811035156, 8.221734046936035, 10.403965950012207, 1.4142135381698608, 2.0, 5.385164737701416, 2.2360680103302, 6.1235880851745605, 5.196152210235596, 5.099019527435303, 1.7320507764816284, 1.0, 1.4142135381698608, 2.0, 1.0, 3.1622776985168457, 13.379088401794434, 8.87326717376709, 3.2857553958892822, 1.4142135381698608, 1.4142135381698608, 18.916866302490234, 3.0, 6.7082037925720215, 1.0, 3.1622776985168457, 15.864195823669434, 13.026844024658203, 1.4142135381698608, 2.8284270763397217]
ind_dices: [0.6836695671081543, 0.8648152351379395, 0.7917421460151672, 0.5301204919815063, 0.8490287661552429, 0.7784343957901001, 0.6557610034942627, 0.6539924144744873, 0.6430529356002808, 0.7820104956626892, 0.8223679661750793, 0.8540464639663696, 0.557676374912262, 0.8914164304733276, 0.6714082360267639, 0.8161696791648865, 0.7308433055877686, 0.18082191050052643, 0.7373188138008118, 0.5787234306335449, 0.7603040933609009, 0.8114689588546753, 0.8357279896736145, 0.6743849515914917, 0.702200174331665, 0.7488418817520142, 0.8177965879440308, 0.8772487044334412, 0.6201780438423157, 0.574999988079071, 0.6359788179397583, 0.8451294898986816, 0.48106446862220764, 0.8567764163017273, 0.8515295386314392, 0.7959238886833191, 0.6980830430984497, 0.7416752576828003, 0.8142856955528259, 0.7277869582176208, 0.8635286092758179, 0.7738804221153259, 0.6854076385498047, 0.5808297395706177, 0.7793923616409302, 0.679983377456665, 0.8755080699920654, 0.7804704308509827, 0.54347825050354, 0.824328601360321, 0.7699897289276123, 0.8856979012489319, 0.9151152968406677, 0.702954888343811, 0.7184684872627258, 0.6347150206565857, 0.6895459294319153, 0.7820098400115967, 0.7815789580345154, 0.7823218703269958, 0.8461898565292358, 0.8859401345252991, 0.8866522908210754, 0.7767387628555298, 0.853208601474762, 0.8717765808105469, 0.8667845129966736, 0.8924103379249573, 0.7666294574737549, 0.6021126508712769, 0.7443585991859436, 0.41328129172325134, 0.8185985684394836, 0.8215914368629456, 0.8615866303443909, 0.8769559860229492, 0.8918618559837341, 0.8636216521263123, 0.7741027474403381, 0.7958937287330627, 0.6437281966209412, 0.6654402017593384, 0.5592185854911804, 0.8561683297157288, 0.772828221321106, 0.76129549741745, 0.7901719808578491, 0.7002881765365601, 0.6602575182914734, 0.8158564567565918, 0.8468626737594604, 0.9078002572059631, 0.8833745121955872, 0.7851612567901611, 0.8656569123268127, 0.7715582251548767, 0.6340482831001282, 0.7060810923576355, 0.6808348894119263, 0.8337736129760742, 0.8105840086936951, 0.5248227119445801, 0.7790209650993347, 0.7394594550132751, 0.8874137997627258, 0.7540860176086426, 0.5875371098518372, 0.4379699230194092, 0.8437710404396057, 0.8082213997840881]
ind_avds: [31.278099060058594, 5.421187877655029, 1.581027626991272, 46.863468170166016, 1.8573721647262573, 6.898113250732422, 15.968585968017578, 22.89562225341797, 32.2843017578125, 18.692995071411133, 1.2758952379226685, 7.318170070648193, 51.05067825317383, 4.636321544647217, 36.2068977355957, 2.552926540374756, 33.54316711425781, 86.82170867919922, 1.8281536102294922, 28.467153549194336, 20.56487274169922, 12.816940307617188, 8.1118745803833, 2.946768045425415, 3.2115869522094727, 35.75498580932617, 5.344934940338135, 0.8525692820549011, 17.344173431396484, 28.09917449951172, 30.341114044189453, 15.039459228515625, 55.04450988769531, 13.461099624633789, 9.271523475646973, 2.9451138973236084, 10.77441120147705, 11.3538818359375, 30.19916534423828, 7.7864837646484375, 10.269874572753906, 34.38469314575195, 9.587574005126953, 6.9060773849487305, 1.1383538246154785, 22.13175392150879, 12.916666984558105, 8.027365684509277, 44.819278717041016, 2.162956714630127, 1.9136807918548584, 10.783721923828125, 4.5608673095703125, 13.621262550354004, 25.882352828979492, 29.20353889465332, 27.34731101989746, 2.6899611949920654, 9.523809432983398, 38.74015808105469, 11.422911643981934, 12.641509056091309, 3.511338710784912, 20.064308166503906, 4.457613945007324, 7.269765853881836, 18.705116271972656, 12.903225898742676, 11.933738708496094, 23.60248374938965, 23.87543296813965, 258.4425354003906, 26.16130256652832, 15.772770881652832, 5.425311088562012, 5.310471057891846, 9.678529739379883, 3.930635929107666, 8.74831771850586, 4.716980934143066, 35.175880432128906, 28.757875442504883, 40.66147994995117, 9.541210174560547, 21.738224029541016, 3.9200313091278076, 10.344827651977539, 9.340659141540527, 18.627073287963867, 0.8522035479545593, 16.774139404296875, 0.30548766255378723, 15.000374794006348, 21.464378356933594, 5.646999359130859, 27.294218063354492, 28.48392105102539, 6.21931266784668, 18.02486228942871, 4.450625896453857, 16.33483123779297, 51.78571319580078, 24.21634864807129, 14.629258155822754, 5.67274808883667, 17.679935455322266, 22.075782775878906, 53.846153259277344, 18.385650634765625, 27.67070960998535]
ueos: [0.001395794446580112, 0.1745823621749878, 0.2281692922115326, 0.2659153938293457, 0.2963380515575409, 0.32290586829185486, 0.3457629680633545, 0.3665507435798645, 0.38525065779685974, 0.4017349183559418, 0.41479575634002686, 0.4231264293193817, 0.4223645329475403, 0.4006742537021637, 0.24283729493618011, 0.05702159181237221, 0.037388961762189865, 0.027133703231811523, 0.020256001502275467, 0.014707821421325207, 0.010305364616215229, 0.005180704407393932]
mean_FN_coverage: [0.7654824256896973, 0.7297214269638062, 0.7061891555786133, 0.6829367876052856, 0.6614874601364136, 0.6387287974357605, 0.6143988370895386, 0.5881324410438538, 0.5611506700515747, 0.5310419201850891, 0.49574515223503113, 0.4532581567764282, 0.39771395921707153, 0.3167344331741333, 0.13082246482372284, 0.01739601232111454, 0.009194728918373585, 0.00667731836438179, 0.004942494910210371, 0.003198703285306692, 0.00221274234354496, 0.0010295158717781305]
size_entirely_missed_lesions: [nan, 3.0808823108673096, 3.014150857925415, 3.2284767627716064, 3.2292816638946533, 3.2204177379608154, 3.326488733291626, 3.242907762527466, 3.3563578128814697, 3.426323413848877, 3.433465003967285, 3.5566036701202393, 3.6029882431030273, 3.7551021575927734, 3.813112258911133, 3.9521563053131104, 3.969839096069336, 3.9699196815490723, 3.9846460819244385, 3.9806666374206543, 3.9813456535339355, 3.9813456535339355]
mean_missed_lesion_coverage: [1.0, 0.8614610433578491, 0.7786107659339905, 0.7028487324714661, 0.6383125185966492, 0.5749621391296387, 0.5198217630386353, 0.4625420868396759, 0.4097403585910797, 0.3627047538757324, 0.3150060474872589, 0.2626619338989258, 0.2120513767004013, 0.15379969775676727, 0.05472012609243393, 0.008639763109385967, 0.005459227599203587, 0.0036330397706478834, 0.0028528361581265926, 0.0013596653006970882, 0.0008281038608402014, 0.0003759074897971004]
prop_entirely_missed: [0.0, 0.022164275869727135, 0.034550197422504425, 0.04921773076057434, 0.058996088802814484, 0.07024119794368744, 0.07936766743659973, 0.09191656112670898, 0.10381355881690979, 0.11391786485910416, 0.1236962154507637, 0.1382007896900177, 0.1527053415775299, 0.17568448185920715, 0.21626466512680054, 0.24185137450695038, 0.24315515160560608, 0.24380704760551453, 0.24413298070430756, 0.24445892870426178, 0.2446219027042389, 0.2446219027042389]
