bras: 0.8718247873087723
ece: 0.041485915437592134
dice: 0.75
f1: 0.6899999976158142
avd: 19.440000534057617
hd95: 4.230000019073486
recall: 0.6399999856948853
max ueo: 0.4231264293193817
undetected clusters at max ueo: 0.1382007896900177
confidences: [           nan 9.28197260e-05 7.53943026e-02 1.29652083e-01
 1.82999462e-01 2.35838905e-01 2.88823903e-01 3.41571718e-01
 3.94365340e-01 4.47124511e-01 4.99955088e-01 5.52558184e-01
 6.05393231e-01 6.58136845e-01 7.10831344e-01 7.63583541e-01
 8.16484511e-01 8.69648814e-01 9.23389494e-01 9.82659400e-01]
accuracies: [           nan 6.49497487e-05 6.52763333e-02 1.09336056e-01
 1.51889363e-01 1.99571417e-01 2.44980397e-01 2.90069830e-01
 3.32507537e-01 3.84199134e-01 4.32558917e-01 4.83557218e-01
 5.43846443e-01 5.94295136e-01 6.52295334e-01 7.10834638e-01
 7.76160583e-01 8.39251841e-01 9.06382633e-01 9.73193342e-01]
