confidences: [           nan 1.59293661e-04 7.53319561e-02 1.29681349e-01
 1.82861954e-01 2.35869393e-01 2.88649559e-01 3.41667831e-01
 3.94423813e-01 4.47008431e-01 4.99893248e-01 5.52540481e-01
 6.05278075e-01 6.58008873e-01 7.10865200e-01 7.63705611e-01
 8.16582441e-01 8.69656265e-01 9.23633277e-01 9.82325077e-01]
accuracies: [           nan 6.96544711e-05 6.75116577e-02 1.08769780e-01
 1.53784874e-01 1.94274597e-01 2.36716569e-01 2.74549730e-01
 3.20646125e-01 3.56355448e-01 4.08209564e-01 4.64893999e-01
 5.05738142e-01 5.62517184e-01 6.16391118e-01 6.74661711e-01
 7.38906865e-01 8.12714709e-01 8.88507300e-01 9.70274227e-01]
ind_eces: [0.044237247621053105, 0.06493127412363017, 0.08868692333405787, 0.07414255921080486, 0.05545749663258355, 0.0820878000666734, 0.03471023725701087, 0.029636421693966845, 0.03106599903170722, 0.20344493918249176, 0.08861234493482012, 0.02509571384850505, 0.07813211565936333, 0.01658752068499694, 0.08463626106926851, 0.11323304498575013, 0.21708889866695402, 0.07453922516242012, 0.08748674482997111, 0.05553760904201299, 0.17642226361883045, 0.18705565728184068, 0.01153816713584247, 0.08662425817379302, 0.10670021579883665, 0.18033734943590649, 0.07952929751799905, 0.04235166501697943, 0.09976056318013354, 0.1035625486948279, 0.02145720857570523, 0.10520812879453105, 0.03491011380417287, 0.12442367966297087, 0.166878086901894, 0.140179800508328, 0.11889886692150463, 0.027429777204468972, 0.20002417588525676, 0.10338185797777871, 0.11692708525136958, 0.19780261335524438, 0.1131871496989162, 0.09453146680768193, 0.06701584746098896, 0.03498672514787645, 0.08581670419831237, 0.01835226568917563, 0.07555397615697702, 0.038104938432836764, 0.05676538193310253, 0.09886675587216297, 0.037287101203787275, 0.12939784195592227, 0.053695094621567595, 0.07241513044895759, 0.08894140327309413, 0.027241574695040793, 0.038931114802488544, 0.20948657950568939, 0.09826068610568779, 0.09915138903939434, 0.0637360018776078, 0.09556686529531624, 0.046964535961001856, 0.07590265905110556, 0.17839254537634702, 0.11040206610455235, 0.12020777068514156, 0.06456599459490087, 0.0938860169523616, 0.40329126916654123, 0.18142249562372087, 0.09259148158689975, 0.038322999923550954, 0.049588298979224885, 0.11910417592338549, 0.03863576803282715, 0.05574705595538533, 0.06125720415692452, 0.03443578569515171, 0.03088868272588291, 0.05338593842103198, 0.023624514471249525, 0.04336211210803643, 0.039766758469753666, 0.04923910114949893, 0.06327455605398616, 0.18281571504056796, 0.1104323857925697, 0.06871067261360629, 0.042052507859900036, 0.04979970763891022, 0.01608564621562575, 0.08626293746219098, 0.22876270956426778, 0.2178109937586533, 0.034845045940650396, 0.022720700093489404, 0.06546260536002217, 0.017867196226205057, 0.27058145214261625, 0.057771826266226296, 0.08793661802374256, 0.04625557305826269, 0.14789428431060248, 0.21292511216944923, 0.0523018493260243, 0.12271468143929178, 0.2173009161874718]
ind_hd95s: [7.874007701873779, 1.0, 1.0, 38.262245178222656, 1.0, 1.0, 3.0730249881744385, 16.017169952392578, 2.8284270763397217, 1.4142135381698608, 1.0, 1.0, 10.280945777893066, 1.0, 4.582575798034668, 1.4142135381698608, 2.4494898319244385, 13.964156150817871, 1.7320507764816284, 7.227499008178711, 1.4142135381698608, 1.4142135381698608, 1.0, 4.260079383850098, 1.4142135381698608, 1.4142135381698608, 1.0, 1.0, 2.0, 4.898979663848877, 5.196152210235596, 1.0, 4.763412952423096, 1.0, 1.0, 2.4494898319244385, 3.0, 1.866025447845459, 1.4142135381698608, 1.4142135381698608, 1.0, 1.4142135381698608, 3.7416574954986572, 7.957071304321289, 1.4142135381698608, 5.656854152679443, 1.0, 2.0, 23.5985164642334, 3.1622776985168457, 1.7320507764816284, 1.4142135381698608, 1.0, 6.967349529266357, 5.830951690673828, 5.127634048461914, 7.582662105560303, 2.0, 8.915362358093262, 2.0, 1.0, 1.0, 1.0, 2.0, 1.4142135381698608, 1.4142135381698608, 1.0, 1.0, 2.0, 11.604811668395996, 2.0, 16.730207443237305, 1.4142135381698608, 1.4142135381698608, 1.0, 1.4142135381698608, 1.4142135381698608, 1.0, 9.230359077453613, 5.0, 10.49519157409668, 3.7416574954986572, 12.984763145446777, 1.0, 1.4142135381698608, 6.008276462554932, 1.4142135381698608, 6.441932678222656, 5.4772257804870605, 5.916079998016357, 1.7320507764816284, 1.0, 1.0, 1.4142135381698608, 1.0, 3.7416574954986572, 11.916375160217285, 7.43251371383667, 5.385164737701416, 1.4142135381698608, 1.4142135381698608, 24.309844970703125, 2.2360680103302, 8.012451171875, 1.0, 3.1622776985168457, 15.952360153198242, 22.13707160949707, 1.4142135381698608, 2.4494898319244385]
ind_dices: [0.6897064447402954, 0.8708509206771851, 0.7818844318389893, 0.5287356376647949, 0.8499943017959595, 0.7839721441268921, 0.7003459930419922, 0.638059675693512, 0.6754732131958008, 0.767953634262085, 0.8215827345848083, 0.8642898797988892, 0.5814332365989685, 0.8991144895553589, 0.6760326027870178, 0.8036063313484192, 0.6970033049583435, 0.2741737961769104, 0.7347294688224792, 0.6086956262588501, 0.7261538505554199, 0.8149687051773071, 0.8466509580612183, 0.6775588393211365, 0.7208333611488342, 0.7619831562042236, 0.8263965249061584, 0.8845362067222595, 0.637837827205658, 0.603960394859314, 0.6697247624397278, 0.849128782749176, 0.5862966179847717, 0.8616332411766052, 0.8341721296310425, 0.7853560447692871, 0.7145148515701294, 0.7423474788665771, 0.8192136287689209, 0.7307965159416199, 0.8682063221931458, 0.7756813168525696, 0.6835312247276306, 0.594059407711029, 0.7836663722991943, 0.6835871338844299, 0.8708532452583313, 0.7821393609046936, 0.5057471394538879, 0.8255048394203186, 0.7897668480873108, 0.8842745423316956, 0.9181464314460754, 0.6936936974525452, 0.7271708846092224, 0.6430517435073853, 0.6217142939567566, 0.775976836681366, 0.7508723139762878, 0.7800132036209106, 0.8542571067810059, 0.8882038593292236, 0.8848676085472107, 0.7872738838195801, 0.8497043251991272, 0.8752735257148743, 0.8673875331878662, 0.9011924862861633, 0.739130437374115, 0.5896551609039307, 0.7469401359558105, 0.37228789925575256, 0.8256992101669312, 0.8186812996864319, 0.8569371104240417, 0.8829344511032104, 0.8794130682945251, 0.864753782749176, 0.7993055582046509, 0.7879161238670349, 0.6674948334693909, 0.6715596318244934, 0.5234285593032837, 0.8636083006858826, 0.7850402593612671, 0.76796555519104, 0.7889166474342346, 0.6955903172492981, 0.680077850818634, 0.8038232922554016, 0.8520763516426086, 0.9098208546638489, 0.8991347551345825, 0.7997789978981018, 0.8680949807167053, 0.7520551681518555, 0.5980830788612366, 0.7033363580703735, 0.6343016028404236, 0.8272303342819214, 0.8257550597190857, 0.47497546672821045, 0.7950184941291809, 0.7146477699279785, 0.8887264132499695, 0.7494850158691406, 0.5346031785011292, 0.5165562629699707, 0.8423946499824524, 0.7992845773696899]
ind_avds: [27.16762924194336, 4.549614429473877, 7.0786919593811035, 39.483394622802734, 1.6280670166015625, 7.93962287902832, 10.863874435424805, 19.52861976623535, 20.650636672973633, 36.727787017822266, 9.768143653869629, 0.6810588240623474, 48.207664489746094, 1.1610026359558105, 34.15657043457031, 7.191781044006348, 43.075538635253906, 73.33333587646484, 9.50639820098877, 23.722627639770508, 29.479259490966797, 22.62468719482422, 5.932118892669678, 2.186311721801758, 11.586901664733887, 30.816713333129883, 6.567225933074951, 2.8302981853485107, 0.5420054197311401, 0.3305785059928894, 23.877918243408203, 12.220969200134277, 28.931751251220703, 14.852840423583984, 19.315673828125, 13.547523498535156, 9.932660102844238, 7.530238151550293, 28.531726837158203, 7.198824882507324, 10.974474906921387, 34.30713653564453, 7.498661041259766, 4.696132659912109, 1.5761821269989014, 25.018505096435547, 7.724359035491943, 14.093500137329102, 32.28915786743164, 8.651826858520508, 2.6465797424316406, 13.319647789001465, 1.0284309387207031, 21.26245880126953, 25.0, 37.610618591308594, 40.474021911621094, 8.374930381774902, 20.42606544494629, 38.74015808105469, 9.194453239440918, 8.662092208862305, 0.7802975177764893, 6.173633575439453, 10.474104881286621, 2.9908201694488525, 16.6169490814209, 8.464042663574219, 16.15956687927246, 19.875776290893555, 9.20415210723877, 305.26715087890625, 21.93348503112793, 7.93398904800415, 1.6493775844573975, 8.023971557617188, 14.407196044921875, 0.8753096461296082, 6.191117286682129, 8.726414680480957, 26.63316535949707, 28.307830810546875, 29.766536712646484, 2.894263744354248, 18.88286781311035, 0.1960015743970871, 4.077353000640869, 6.868131637573242, 37.7169303894043, 8.8872652053833, 12.438486099243164, 0.6054210066795349, 7.848423480987549, 7.5193681716918945, 7.4322614669799805, 43.133460998535156, 39.66309356689453, 18.494272232055664, 26.450275421142578, 0.21855752170085907, 6.486833572387695, 103.27381134033203, 17.39397621154785, 2.3046092987060547, 5.045609951019287, 18.36150550842285, 59.472816467285156, 34.06593322753906, 18.35507583618164, 28.725139617919922]
ueos: [0.0014172667870298028, 0.1787484735250473, 0.23986442387104034, 0.2800309360027313, 0.3120037317276001, 0.3390882909297943, 0.3621985614299774, 0.382826030254364, 0.4004020094871521, 0.4157475531101227, 0.4267815053462982, 0.43187040090560913, 0.4275631308555603, 0.40169501304626465, 0.24850896000862122, 0.05385750159621239, 0.02983594313263893, 0.01981973648071289, 0.013835536316037178, 0.00921663362532854, 0.005948392208665609, 0.0029593987856060266]
mean_FN_coverage: [0.758474588394165, 0.7151297330856323, 0.6866564750671387, 0.6617665886878967, 0.6389106512069702, 0.6158050298690796, 0.5905542373657227, 0.5654627084732056, 0.5385606288909912, 0.507957398891449, 0.47190624475479126, 0.43010586500167847, 0.37499111890792847, 0.30203720927238464, 0.13539916276931763, 0.01957891322672367, 0.009309046901762486, 0.0052531068213284016, 0.0037494448479264975, 0.0028985554818063974, 0.0018840570701286197, 0.0010319320717826486]
size_entirely_missed_lesions: [nan, 3.445086717605591, 3.251798629760742, 3.335164785385132, 3.288590669631958, 3.275193691253662, 3.281407117843628, 3.25227952003479, 3.2882513999938965, 3.3341803550720215, 3.3686635494232178, 3.3633475303649902, 3.4448704719543457, 3.4745469093322754, 3.7288758754730225, 3.766427993774414, 3.7820181846618652, 3.807865858078003, 3.817772150039673, 3.9099678993225098, 3.9099678993225098, 3.9370179176330566]
mean_missed_lesion_coverage: [1.0, 0.8369836211204529, 0.7397304177284241, 0.6591370701789856, 0.5916510820388794, 0.5340100526809692, 0.47759881615638733, 0.4226561188697815, 0.37528908252716064, 0.32977548241615295, 0.28222477436065674, 0.23730884492397308, 0.18455785512924194, 0.12879979610443115, 0.05793408676981926, 0.0067076669074594975, 0.00293339928612113, 0.0020027300342917442, 0.0011475238716229796, 0.0007520790095441043, 0.0007520790095441043, 0.00028883182676509023]
prop_entirely_missed: [0.0, 0.028194263577461243, 0.04530638828873634, 0.05932203307747841, 0.07284875959157944, 0.08409386873245239, 0.0972946509718895, 0.10723598301410675, 0.11929595470428467, 0.12825945019721985, 0.14146023988723755, 0.1538461595773697, 0.16998043656349182, 0.18888527154922485, 0.22180573642253876, 0.25048890709877014, 0.25195565819740295, 0.2527705430984497, 0.25309649109840393, 0.25342243909835815, 0.25342243909835815, 0.2535853981971741]
