bras: 0.882843072215716
ece: 0.05908678276035793
dice: 0.75
f1: 0.6700000166893005
avd: 19.690000534057617
hd95: 4.46999979019165
recall: 0.6200000047683716
max ueo: 0.43187040090560913
undetected clusters at max ueo: 0.1538461595773697
confidences: [           nan 1.59293661e-04 7.53319561e-02 1.29681349e-01
 1.82861954e-01 2.35869393e-01 2.88649559e-01 3.41667831e-01
 3.94423813e-01 4.47008431e-01 4.99893248e-01 5.52540481e-01
 6.05278075e-01 6.58008873e-01 7.10865200e-01 7.63705611e-01
 8.16582441e-01 8.69656265e-01 9.23633277e-01 9.82325077e-01]
accuracies: [           nan 6.96544711e-05 6.75116577e-02 1.08769780e-01
 1.53784874e-01 1.94274597e-01 2.36716569e-01 2.74549730e-01
 3.20646125e-01 3.56355448e-01 4.08209564e-01 4.64893999e-01
 5.05738142e-01 5.62517184e-01 6.16391118e-01 6.74661711e-01
 7.38906865e-01 8.12714709e-01 8.88507300e-01 9.70274227e-01]
