confidences: [           nan 9.03777982e-05 7.63787627e-02 1.29817516e-01
 1.82670355e-01 2.35477149e-01 2.88401634e-01 3.41278553e-01
 3.94167989e-01 4.46796566e-01 4.99575078e-01 5.52430093e-01
 6.05092645e-01 6.57963097e-01 7.10622132e-01 7.63366938e-01
 8.16399992e-01 8.69502902e-01 9.23216760e-01 9.79208589e-01]
accuracies: [           nan 5.92860640e-05 1.15128561e-02 2.57921553e-02
 4.96363038e-02 8.52060157e-02 1.29052431e-01 1.84159601e-01
 2.44427260e-01 3.09121687e-01 3.74539681e-01 4.40614724e-01
 5.11670099e-01 5.83397655e-01 6.60498991e-01 7.36010703e-01
 8.04272420e-01 8.75349629e-01 9.40711462e-01 9.89069663e-01]
ind_eces: [0.09231850918081874, 0.0610423433465824, 0.1714301340136889, 0.22208891574864234, 0.1790569087826236, 0.16845495696053073, 0.21856265545534717, 0.18339904471007287, 0.08512653014727238, 0.1858134263364287, 0.146732692424976, 0.06138212269953344, 0.12094802397301924, 0.057395508211165375, 0.07058841799245216, 0.18702123549305594, 0.2687913246646303, 0.048893442318303296, 0.1702865452640654, 0.17259712036961217, 0.24799086622682479, 0.16390399146549628, 0.04677706260951861, 0.18418267085703455, 0.20759808712607994, 0.25142068684375873, 0.13682132280005094, 0.06466441884567356, 0.2502911334123181, 0.2013099780304699, 0.10400447508131397, 0.20148407855987344, 0.18310420435154923, 0.18456841324195858, 0.17489643981712177, 0.14549654324428973, 0.17369205604113108, 0.12445370038370372, 0.254141115554649, 0.23848326723321994, 0.07892600827614159, 0.17858908050827738, 0.13470359773516347, 0.21052774678644903, 0.10160340167585165, 0.07217342681588146, 0.1592411215213387, 0.08672286757850306, 0.13411665162862565, 0.08883881008381612, 0.12137341195674815, 0.10464990611138086, 0.1006086564506777, 0.168727227109464, 0.07886207578834048, 0.10164475140948682, 0.07729995602847856, 0.08555845198135913, 0.07239300565555543, 0.1456749939037429, 0.09178057654761826, 0.09160157827879026, 0.10061050349624201, 0.11224351311443653, 0.07366152026311384, 0.09211642382986708, 0.10646933233634995, 0.11395395064327404, 0.0965567074424969, 0.10687474358733678, 0.11076528615195586, 0.28618491957268194, 0.13571936392410905, 0.14982754726299158, 0.0838717386709425, 0.09742503415052034, 0.15342386358107263, 0.07535894624501975, 0.09126468669526987, 0.0970454059567432, 0.13533816430619522, 0.10600677238985605, 0.14632736044747363, 0.054144330311676876, 0.07001236663147514, 0.07644047342380081, 0.1657411549058484, 0.21570424381123032, 0.16365494480611315, 0.1474128106067412, 0.056975846042349745, 0.06113921029312584, 0.06898479065479378, 0.07595504657297583, 0.14806269263428506, 0.24201474513959725, 0.328617257508883, 0.2036631465737352, 0.1242856426838217, 0.1521991787541488, 0.13690400741290543, 0.3591083597594553, 0.11622660608336235, 0.24804574655211395, 0.05482864110440725, 0.15248185080498067, 0.3075638584111495, 0.19042303817312206, 0.033331899703677975, 0.2574985931140527]
ind_hd95s: [4.0, 1.0, 1.4142135381698608, 26.37606430053711, 1.4142135381698608, 1.4142135381698608, 2.0, 3.316624879837036, 1.4142135381698608, 2.0, 1.0, 1.0, 10.39448356628418, 1.0, 4.582575798034668, 2.2360680103302, 3.316624879837036, 14.149091720581055, 2.2360680103302, 4.378395080566406, 4.898979663848877, 1.4142135381698608, 1.0, 3.1622776985168457, 2.0, 1.7320507764816284, 1.0, 1.0, 5.0, 4.898979663848877, 1.7320507764816284, 1.0, 5.2623066902160645, 1.4142135381698608, 1.0, 2.8284270763397217, 2.2360680103302, 3.7416574954986572, 2.0, 3.0, 1.0, 1.4142135381698608, 3.0324554443359375, 4.265892505645752, 1.4142135381698608, 5.6612396240234375, 1.4142135381698608, 1.2899495363235474, 14.919754028320312, 2.8284270763397217, 1.4142135381698608, 1.4142135381698608, 1.4142135381698608, 7.681145668029785, 3.5348265171051025, 3.767491579055786, 4.123105525970459, 1.4142135381698608, 8.485280990600586, 1.4142135381698608, 1.0, 1.0, 1.0, 1.4142135381698608, 1.4142135381698608, 1.0, 1.0, 1.0, 1.4142135381698608, 9.468644142150879, 1.4142135381698608, 15.36229133605957, 1.0, 1.4142135381698608, 1.4142135381698608, 1.4142135381698608, 1.4142135381698608, 1.4142135381698608, 17.2625789642334, 4.008671283721924, 8.124038696289062, 7.681145668029785, 15.283927917480469, 1.4142135381698608, 1.4142135381698608, 4.582575798034668, 1.7320507764816284, 10.779594421386719, 5.099019527435303, 5.099019527435303, 4.690415859222412, 1.0, 1.0, 2.8284270763397217, 1.0, 3.7416574954986572, 18.466184616088867, 13.882725715637207, 5.0, 1.4142135381698608, 1.0, 22.834182739257812, 1.9330127239227295, 10.430684089660645, 1.0, 3.1622776985168457, 18.525371551513672, 21.220266342163086, 1.4142135381698608, 4.4721360206604]
ind_dices: [0.7236757874488831, 0.8650253415107727, 0.7698612809181213, 0.4908789396286011, 0.8315582871437073, 0.7697160840034485, 0.6434599161148071, 0.6770538091659546, 0.697401225566864, 0.749046266078949, 0.8081657886505127, 0.8580611944198608, 0.6477052569389343, 0.8973255753517151, 0.6946433186531067, 0.7828523516654968, 0.6404814720153809, 0.4444444477558136, 0.692690372467041, 0.6136724948883057, 0.6604152917861938, 0.815284013748169, 0.8386433720588684, 0.6547467112541199, 0.6791214346885681, 0.713569700717926, 0.807157039642334, 0.8829023838043213, 0.5865657329559326, 0.5773889422416687, 0.7035087943077087, 0.8213416337966919, 0.553133487701416, 0.8400100469589233, 0.8255655765533447, 0.7684555053710938, 0.6887755393981934, 0.7295367121696472, 0.7754793763160706, 0.6698582172393799, 0.8684338927268982, 0.7756854891777039, 0.694856584072113, 0.5601704120635986, 0.7581108808517456, 0.7162790894508362, 0.8504390120506287, 0.7904497385025024, 0.5923261642456055, 0.8217169642448425, 0.798852801322937, 0.8747965097427368, 0.8998709321022034, 0.6406460404396057, 0.7509100437164307, 0.6809523701667786, 0.6976743936538696, 0.7958350777626038, 0.7473822236061096, 0.8025122284889221, 0.8490723967552185, 0.8941206336021423, 0.8753652572631836, 0.7905550599098206, 0.8292848467826843, 0.8755055665969849, 0.8875412940979004, 0.898842453956604, 0.7572216987609863, 0.6322188377380371, 0.7371857762336731, 0.5766851305961609, 0.8381893038749695, 0.7944811582565308, 0.8449599742889404, 0.8792270421981812, 0.8371056914329529, 0.8389295935630798, 0.7813032865524292, 0.7804281115531921, 0.65674889087677, 0.6619622111320496, 0.6205673813819885, 0.8491374254226685, 0.7811475992202759, 0.7681862115859985, 0.7680100202560425, 0.6214324235916138, 0.7179226279258728, 0.8067338466644287, 0.8485736846923828, 0.9001972675323486, 0.8922407031059265, 0.7829192280769348, 0.8463564515113831, 0.7305550575256348, 0.4397817850112915, 0.6648757457733154, 0.6582709550857544, 0.8043042421340942, 0.8045886754989624, 0.31239578127861023, 0.7940228581428528, 0.6294760704040527, 0.8852026462554932, 0.7438774704933167, 0.4206116497516632, 0.5376884341239929, 0.8390540480613708, 0.7006516456604004]
ind_avds: [1.284521460533142, 1.0807512998580933, 27.9554443359375, 22.509225845336914, 21.761064529418945, 24.890565872192383, 48.167537689208984, 37.7104377746582, 1.3437057733535767, 39.08791732788086, 21.772533416748047, 0.10280133783817291, 8.776267051696777, 0.09226510673761368, 11.230195999145508, 22.229141235351562, 83.90287780761719, 47.906978607177734, 38.848262786865234, 29.562044143676758, 63.54810333251953, 19.92755699157715, 6.3103413581848145, 23.288972854614258, 49.433250427246094, 55.792972564697266, 18.831571578979492, 3.6654679775238037, 86.44986724853516, 45.619834899902344, 4.667863368988037, 31.589628219604492, 17.804153442382812, 26.956422805786133, 23.206401824951172, 12.530120849609375, 30.976430892944336, 13.0706205368042, 45.18295669555664, 65.96473693847656, 4.367189407348633, 34.772491455078125, 16.604177474975586, 59.39226531982422, 13.222416877746582, 9.03034782409668, 22.66025733947754, 5.3591790199279785, 0.9638554453849792, 2.3519530296325684, 12.947882652282715, 14.527231216430664, 9.464545249938965, 46.84385299682617, 11.470588684082031, 14.159292221069336, 11.85050106048584, 2.911813735961914, 8.521303176879883, 25.66929054260254, 2.476064682006836, 0.7204116582870483, 8.071202278137207, 9.710611343383789, 10.126255989074707, 1.347349762916565, 4.054800510406494, 5.8153300285339355, 8.31643009185791, 4.34782600402832, 11.972318649291992, 109.57661437988281, 15.349400520324707, 20.818788528442383, 6.836099624633789, 7.025137424468994, 23.441801071166992, 6.209743976593018, 2.759084701538086, 7.193396091461182, 2.153625249862671, 2.295229434967041, 19.45525360107422, 4.9997100830078125, 2.7719883918762207, 2.0776166915893555, 23.159366607666016, 55.08241653442383, 27.227149963378906, 19.844167709350586, 9.044629096984863, 2.877138376235962, 7.354152679443359, 0.07595321536064148, 16.320587158203125, 54.76036834716797, 164.93109130859375, 43.6988525390625, 2.90055251121521, 17.88197898864746, 18.347248077392578, 335.4166564941406, 9.772587776184082, 65.8316650390625, 0.22805017232894897, 19.860960006713867, 193.24546813964844, 18.681318283081055, 9.080717086791992, 44.098270416259766]
ueos: [0.0015407748287543654, 0.13510407507419586, 0.15859009325504303, 0.179554283618927, 0.20065398514270782, 0.22306963801383972, 0.24719442427158356, 0.2731758952140808, 0.3014194071292877, 0.3321789503097534, 0.3642558753490448, 0.3967740535736084, 0.4229331314563751, 0.4214937388896942, 0.0, 0.0, 0.0, 0.0, 0.0, 0.0, 0.0, 0.0]
mean_FN_coverage: [0.691166877746582, 0.5937849283218384, 0.5861331224441528, 0.580185055732727, 0.5741024017333984, 0.5689652562141418, 0.5620388388633728, 0.5556631684303284, 0.5449848175048828, 0.5298249125480652, 0.5094118118286133, 0.4763644337654114, 0.4219830334186554, 0.328993558883667, 0.0, 0.0, 0.0, 0.0, 0.0, 0.0, 0.0, 0.0]
size_entirely_missed_lesions: [nan, 4.348968029022217, 4.324090003967285, 4.326666831970215, 4.282504081726074, 4.280125141143799, 4.254185676574707, 4.244444370269775, 4.227011680603027, 4.202514171600342, 4.199464321136475, 4.148989677429199, 4.084588527679443, 4.033402919769287, 4.043343544006348, 4.043343544006348, 4.043343544006348, 4.043343544006348, 4.043343544006348, 4.043343544006348, 4.043343544006348, 4.043343544006348]
mean_missed_lesion_coverage: [1.0, 0.5492302179336548, 0.5177647471427917, 0.496466726064682, 0.47297734022140503, 0.45595473051071167, 0.43615829944610596, 0.42094525694847107, 0.3943808972835541, 0.36793431639671326, 0.33736473321914673, 0.29308998584747314, 0.23067474365234375, 0.15744465589523315, 0.0, 0.0, 0.0, 0.0, 0.0, 0.0, 0.0, 0.0]
prop_entirely_missed: [0.0, 0.0868644043803215, 0.09403520077466965, 0.09778357297182083, 0.10153194516897202, 0.10413950681686401, 0.10707300901412964, 0.11000651866197586, 0.11342894285917282, 0.11668839305639267, 0.12174054980278015, 0.1290743201971054, 0.140645369887352, 0.15612776577472687, 0.2105606198310852, 0.2105606198310852, 0.2105606198310852, 0.2105606198310852, 0.2105606198310852, 0.2105606198310852, 0.2105606198310852, 0.2105606198310852]
