bras: 0.8853609773019949
ece: 0.08335576375460861
dice: 0.7400000095367432
f1: 0.6600000262260437
avd: 26.559999465942383
hd95: 4.340000152587891
recall: 0.699999988079071
max ueo: 0.4229331314563751
undetected clusters at max ueo: 0.140645369887352
confidences: [           nan 9.03777982e-05 7.63787627e-02 1.29817516e-01
 1.82670355e-01 2.35477149e-01 2.88401634e-01 3.41278553e-01
 3.94167989e-01 4.46796566e-01 4.99575078e-01 5.52430093e-01
 6.05092645e-01 6.57963097e-01 7.10622132e-01 7.63366938e-01
 8.16399992e-01 8.69502902e-01 9.23216760e-01 9.79208589e-01]
accuracies: [           nan 5.92860640e-05 1.15128561e-02 2.57921553e-02
 4.96363038e-02 8.52060157e-02 1.29052431e-01 1.84159601e-01
 2.44427260e-01 3.09121687e-01 3.74539681e-01 4.40614724e-01
 5.11670099e-01 5.83397655e-01 6.60498991e-01 7.36010703e-01
 8.04272420e-01 8.75349629e-01 9.40711462e-01 9.89069663e-01]
