confidences: [           nan 3.52137831e-05 7.56916106e-02 1.29874900e-01
 1.83204532e-01 2.36079559e-01 2.88837433e-01 3.41691315e-01
 3.94524276e-01 4.47131157e-01 4.99974489e-01 5.52818954e-01
 6.05389714e-01 6.57946646e-01 7.10875392e-01 7.63709307e-01
 8.16755831e-01 8.69688392e-01 9.23457980e-01 9.90357995e-01]
accuracies: [           nan 1.16139280e-04 6.21756925e-02 8.83445165e-02
 1.16596662e-01 1.42637911e-01 1.64862237e-01 1.89802417e-01
 2.14032601e-01 2.35493435e-01 2.65419175e-01 2.97743245e-01
 3.28744445e-01 3.61413844e-01 3.99441121e-01 4.38446014e-01
 4.95304004e-01 5.60455945e-01 6.51092571e-01 9.15067862e-01]
ind_eces: [0.23025349120236407, 0.14423878398527462, 0.27963677429526823, 0.3212386502813975, 0.2741755718790046, 0.2515291824741819, 0.33154917134241385, 0.26327439091517024, 0.1453048039038515, 0.31725614947293174, 0.2682640313014148, 0.13539741772720268, 0.23073487280233587, 0.12095865979696807, 0.14045439733035764, 0.2909901634307862, 0.3659115880823814, 0.14195673052400068, 0.27864898643423747, 0.25759071201240336, 0.3515800744390421, 0.2507940992034813, 0.10664031434135315, 0.29805168758976275, 0.2950929077554822, 0.3257695597188719, 0.26830952668540325, 0.16804863348891155, 0.3284168665470682, 0.33570254645600656, 0.1996624251163667, 0.29436252921045825, 0.2935631749896115, 0.2991594653191966, 0.28602009640814935, 0.2412757941662042, 0.3009456967953456, 0.21997218959173143, 0.3431498220313757, 0.34275532335452835, 0.17459978280170313, 0.308570704537698, 0.2360833043337386, 0.3297144727333048, 0.230663017585459, 0.1469693523811334, 0.3099936598069816, 0.21365051106730248, 0.2670971035185164, 0.16201781254302844, 0.2622619535189059, 0.02323586307341253, 0.0408503019520406, 0.30490630222522985, 0.1314146713906378, 0.21044157583756848, 0.20454482739428542, 0.1421342116914702, 0.15967795333000773, 0.25397796458046773, 0.1137404338894312, 0.18315269506397158, 0.06280232861879527, 0.19723748777823108, 0.09194681070357161, 0.16982337508470843, 0.21107024687272935, 0.21392681240831932, 0.18684693493283294, 0.2323779082791551, 0.2095809428970426, 0.38230754069963996, 0.25212474216595804, 0.2717467465395415, 0.10937319812985756, 0.08186646585997928, 0.12969159160613195, 0.11554520419722822, 0.19603518955057916, 0.14842897851687367, 0.25222737290775543, 0.20365181126340004, 0.30699523881347246, 0.09096445981591887, 0.1351853058704387, 0.19709986067316268, 0.26526953321454894, 0.33104796062219344, 0.27258613039533786, 0.26110238580074185, 0.08812453499506855, 0.12385378189216463, 0.059209405594970614, 0.12336167969327096, 0.2401586869420509, 0.3361817057032535, 0.41457845148396033, 0.3175399889880373, 0.21586798071603336, 0.24492761778887584, 0.233303742744056, 0.43793560664478104, 0.19566995159425937, 0.35849128559632226, 0.11365066794304858, 0.24879898222828656, 0.42057478219162686, 0.2999778480409515, 0.038778181159097466, 0.23901850511751663]
ind_hd95s: [5.385164737701416, 1.0, 2.0, 27.38338851928711, 1.7320507764816284, 1.4142135381698608, 8.904892921447754, 16.6816463470459, 1.4142135381698608, 2.0, 1.4142135381698608, 1.0, 9.949873924255371, 1.0, 2.4494898319244385, 2.2360680103302, 8.602325439453125, 13.03840446472168, 2.4494898319244385, 18.606807708740234, 8.366600036621094, 1.7320507764816284, 1.0, 3.024341583251953, 2.0, 2.2360680103302, 2.0, 1.4142135381698608, 8.746286392211914, 8.071524620056152, 2.9656853675842285, 1.4142135381698608, 5.4772257804870605, 2.0, 1.5890240669250488, 4.898979663848877, 3.605551242828369, 7.6157732009887695, 2.2360680103302, 3.0, 1.0, 2.0, 3.605551242828369, 12.003211975097656, 2.2360680103302, 5.0, 4.8364105224609375, 2.4494898319244385, 22.23746681213379, 3.605551242828369, 2.2360680103302, 1.0, 1.0, 8.519821166992188, 4.4721360206604, 12.206555366516113, 13.074782371520996, 2.0, 8.734891891479492, 1.7320507764816284, 1.0, 1.0, 1.0, 2.0, 1.4142135381698608, 1.4142135381698608, 1.4142135381698608, 1.0, 1.8392305374145508, 15.039911270141602, 2.4494898319244385, 15.55634880065918, 1.4142135381698608, 2.2360680103302, 1.0, 1.0, 1.4142135381698608, 1.0, 17.2625789642334, 4.976438522338867, 11.636083602905273, 3.605551242828369, 16.35845947265625, 1.0, 2.2360680103302, 7.078104019165039, 2.2360680103302, 12.688577651977539, 5.385164737701416, 6.0, 1.7320507764816284, 1.0, 1.0, 2.8284270763397217, 1.4142135381698608, 5.0, 14.205591201782227, 10.440306663513184, 7.745697498321533, 1.4142135381698608, 1.4142135381698608, 24.52545166015625, 2.7336928844451904, 10.807389259338379, 1.0, 4.358899116516113, 20.00624656677246, 22.158519744873047, 1.0, 3.464101552963257]
ind_dices: [0.7292540073394775, 0.8617627620697021, 0.742397665977478, 0.42721089720726013, 0.8080965280532837, 0.753487765789032, 0.6168312430381775, 0.6433378458023071, 0.7123923301696777, 0.7019810676574707, 0.7807783484458923, 0.8539407849311829, 0.6272674202919006, 0.8918959498405457, 0.7062841653823853, 0.7414058446884155, 0.5792229175567627, 0.4929824471473694, 0.6655266880989075, 0.5674846768379211, 0.5957204103469849, 0.7949507236480713, 0.8398867249488831, 0.6323851346969604, 0.6562715172767639, 0.6837104558944702, 0.7707208395004272, 0.8660603761672974, 0.552831768989563, 0.5143453478813171, 0.676685631275177, 0.7921896576881409, 0.5249559879302979, 0.8033120632171631, 0.786628246307373, 0.7490394115447998, 0.6404098868370056, 0.7050813436508179, 0.7430142760276794, 0.6208701133728027, 0.8571518063545227, 0.7317073345184326, 0.6775732636451721, 0.5117085576057434, 0.748069167137146, 0.7065997123718262, 0.7997896671295166, 0.7597180008888245, 0.517307698726654, 0.8093889355659485, 0.7430392503738403, 0.8878012299537659, 0.9135295748710632, 0.6115108132362366, 0.76398104429245, 0.672764241695404, 0.6605504751205444, 0.791506290435791, 0.7607289552688599, 0.7775596976280212, 0.8479196429252625, 0.8793984055519104, 0.8855276107788086, 0.7754864692687988, 0.8417891263961792, 0.8617680072784424, 0.8685537576675415, 0.8848758339881897, 0.7451980710029602, 0.6347941756248474, 0.7237043976783752, 0.4281497895717621, 0.8059613704681396, 0.7613774538040161, 0.8485611081123352, 0.8771582245826721, 0.8722814321517944, 0.8525426387786865, 0.7734947204589844, 0.7723901867866516, 0.635113537311554, 0.6816161870956421, 0.4773452579975128, 0.858356237411499, 0.7807199954986572, 0.7521337270736694, 0.7426103353500366, 0.5620673894882202, 0.6898568272590637, 0.7802920937538147, 0.8584209084510803, 0.8983780741691589, 0.8959357142448425, 0.7870317101478577, 0.8372796177864075, 0.6857407093048096, 0.3918774425983429, 0.6312097907066345, 0.6345332264900208, 0.7968763709068298, 0.7904435396194458, 0.25494319200515747, 0.7934752702713013, 0.5553761720657349, 0.8899268507957458, 0.7216228246688843, 0.33214864134788513, 0.4622448980808258, 0.866855800151825, 0.7738098502159119]
ind_avds: [29.86512565612793, 11.025406837463379, 45.77793884277344, 71.21771240234375, 35.634029388427734, 39.109432220458984, 78.40314483642578, 50.16835021972656, 13.437058448791504, 62.0028190612793, 37.24790954589844, 11.545875549316406, 11.248455047607422, 6.258649826049805, 4.65983247756958, 42.714820861816406, 126.34892272949219, 23.255813598632812, 67.27605438232422, 37.95620346069336, 109.3556900024414, 29.99721336364746, 7.315616607666016, 60.64638900756836, 74.6221694946289, 74.88129425048828, 41.70292282104492, 15.55504035949707, 120.59620666503906, 116.85950469970703, 21.005386352539062, 42.5028190612793, 52.670623779296875, 41.101985931396484, 39.376380920410156, 22.971887588500977, 62.878787994384766, 34.95903396606445, 61.06993865966797, 99.41233825683594, 12.283967018127441, 55.45501708984375, 35.72576141357422, 118.50828552246094, 38.091068267822266, 6.365654945373535, 43.81410217285156, 26.453819274902344, 50.60240936279297, 7.559848785400391, 42.75244140625, 5.083927154541016, 0.3539888858795166, 77.07640838623047, 6.86274528503418, 17.699115753173828, 18.59617042541504, 8.957293510437012, 13.1578950881958, 40.70866012573242, 7.098052024841309, 13.267581939697266, 1.5118263959884644, 21.414791107177734, 1.6232929229736328, 10.364228248596191, 14.672411918640137, 16.32139778137207, 25.287355422973633, 33.85093307495117, 25.674739837646484, 235.4586639404297, 28.571428298950195, 35.0047607421875, 6.182572841644287, 1.5148992538452148, 15.572158813476562, 7.200660705566406, 11.2382230758667, 6.72169828414917, 24.47953987121582, 22.77227783203125, 104.86381530761719, 4.866307258605957, 10.150062561035156, 20.46256446838379, 42.777259826660156, 97.66483306884766, 57.21172332763672, 36.71780014038086, 1.0605803728103638, 5.126638412475586, 1.2132104635238647, 10.846118927001953, 26.196504592895508, 78.680419921875, 229.86216735839844, 80.03273010253906, 26.381216049194336, 28.98867416381836, 31.19246482849121, 507.44049072265625, 22.311002731323242, 110.32064056396484, 7.504275798797607, 42.58451461791992, 309.8846740722656, 69.23076629638672, 6.03342866897583, 33.05677032470703]
ueos: [0.0017232155660167336, 0.3149954080581665, 0.3630285859107971, 0.3922003209590912, 0.4125642478466034, 0.4263184368610382, 0.43490707874298096, 0.44030511379241943, 0.44157877564430237, 0.43842217326164246, 0.43020549416542053, 0.4124297499656677, 0.38077738881111145, 0.3142390847206116, 0.0, 0.0, 0.0, 0.0, 0.0, 0.0, 0.0, 0.0]
mean_FN_coverage: [0.6289113163948059, 0.4407619535923004, 0.4235747158527374, 0.4098041355609894, 0.3952881097793579, 0.38126683235168457, 0.36651504039764404, 0.35039952397346497, 0.3304932713508606, 0.31218427419662476, 0.28674522042274475, 0.2552524507045746, 0.21723672747612, 0.15823513269424438, 0.0, 0.0, 0.0, 0.0, 0.0, 0.0, 0.0, 0.0]
size_entirely_missed_lesions: [nan, 4.070987701416016, 4.043179512023926, 4.053537368774414, 4.02222204208374, 4.058930397033691, 4.041851997375488, 4.013100624084473, 3.997453212738037, 4.027477264404297, 4.006519794464111, 4.0398406982421875, 4.007800102233887, 3.9984779357910156, 4.014883041381836, 4.014883041381836, 4.014883041381836, 4.014883041381836, 4.014883041381836, 4.014883041381836, 4.014883041381836, 4.014883041381836]
mean_missed_lesion_coverage: [1.0, 0.25806114077568054, 0.21888519823551178, 0.19349214434623718, 0.1672879159450531, 0.15097717940807343, 0.13695992529392242, 0.12260697782039642, 0.10417398810386658, 0.09355062991380692, 0.07650274783372879, 0.061971668154001236, 0.04694848135113716, 0.03168858587741852, 0.0, 0.0, 0.0, 0.0, 0.0, 0.0, 0.0, 0.0]
prop_entirely_missed: [0.0, 0.15840938687324524, 0.16606910526752472, 0.17046935856342316, 0.17601042985916138, 0.17975880205631256, 0.1830182522535324, 0.18660365045070648, 0.1919817477464676, 0.19573011994361877, 0.1999673992395401, 0.20453064143657684, 0.20893089473247528, 0.21414601802825928, 0.22995436191558838, 0.22995436191558838, 0.22995436191558838, 0.22995436191558838, 0.22995436191558838, 0.22995436191558838, 0.22995436191558838, 0.22995436191558838]
