bras: 0.9604883280893166
ece: 0.18742193219771058
dice: 0.7200000286102295
f1: 0.6399999856948853
avd: 46.630001068115234
hd95: 5.440000057220459
recall: 0.6600000262260437
max ueo: 0.44157877564430237
undetected clusters at max ueo: 0.1919817477464676
confidences: [           nan 3.52137831e-05 7.56916106e-02 1.29874900e-01
 1.83204532e-01 2.36079559e-01 2.88837433e-01 3.41691315e-01
 3.94524276e-01 4.47131157e-01 4.99974489e-01 5.52818954e-01
 6.05389714e-01 6.57946646e-01 7.10875392e-01 7.63709307e-01
 8.16755831e-01 8.69688392e-01 9.23457980e-01 9.90357995e-01]
accuracies: [           nan 1.16139280e-04 6.21756925e-02 8.83445165e-02
 1.16596662e-01 1.42637911e-01 1.64862237e-01 1.89802417e-01
 2.14032601e-01 2.35493435e-01 2.65419175e-01 2.97743245e-01
 3.28744445e-01 3.61413844e-01 3.99441121e-01 4.38446014e-01
 4.95304004e-01 5.60455945e-01 6.51092571e-01 9.15067862e-01]
