confidences: [           nan 1.38210009e-06 7.60011896e-02 1.29795894e-01
 1.83019310e-01 2.35759184e-01 2.88849264e-01 3.41735572e-01
 3.94217759e-01 4.46896732e-01 4.99785095e-01 5.52643955e-01
 6.05486572e-01 6.58212900e-01 7.10427582e-01 7.63736427e-01
 8.17140102e-01 8.70351553e-01 9.23694909e-01 9.95981097e-01]
accuracies: [           nan 2.97997224e-04 2.96699438e-01 3.22377822e-01
 3.10409620e-01 3.05823017e-01 3.04347826e-01 3.10779817e-01
 3.05009512e-01 3.34779913e-01 3.17489336e-01 3.20648784e-01
 3.26852977e-01 3.10772702e-01 3.40369393e-01 3.56232939e-01
 3.31266951e-01 3.54240283e-01 3.55604638e-01 4.32795476e-01]
ind_eces: [0.2792766046125206, 0.24237966625652055, 0.3578838099013988, 0.4549081590032232, 0.3023174394038764, 0.33750771059482226, 0.3612447728561242, 0.3919379486191132, 0.2527375462838138, 0.35194877674441355, 0.34165354463358466, 0.20208272740976785, 0.2963439753415915, 0.20332304222735742, 0.2421009258257421, 0.34163188405749223, 0.41772255261359237, 0.30427024497533, 0.3725355820552103, 0.35244296274539966, 0.40003995744203014, 0.2841245876758643, 0.23191724086834326, 0.3773339060018257, 0.34585188097374864, 0.36456563013619303, 0.3106989402189107, 0.25200061163851956, 0.418486427209143, 0.44231756381442566, 0.3578043490190282, 0.33123270655900955, 0.4018773972474101, 0.3363830804507821, 0.38377881004278, 0.2955687430049669, 0.34348370209781803, 0.30851050311531864, 0.39200081063408926, 0.3714562076045645, 0.24681655340941766, 0.3909181906937957, 0.3465089864266962, 0.3919442674702502, 0.29216099505350684, 0.28334515021055906, 0.3113487292039265, 0.2645866498027775, 0.3509337905102774, 0.24403034117463746, 0.31281252321993375, 0.1875171450549625, 0.16537446131077804, 0.4431391135639241, 0.21879544130926343, 0.36074264219773045, 0.3114737653146109, 0.22866437121966537, 0.2717479536429261, 0.33523896453964724, 0.23213340879435895, 0.1857954626550196, 0.18576052697266573, 0.3186794315726208, 0.1844163554613352, 0.26876334007867997, 0.23770191975369773, 0.2862601907189875, 0.2712457546435678, 0.30473629840147076, 0.2915635218625414, 0.3570730313739719, 0.3212637410856034, 0.3265548033275534, 0.18947253887630236, 0.1929206944074523, 0.22108708977700983, 0.2003983344956445, 0.27002243175306656, 0.2478415554883009, 0.28711351660591977, 0.31568491649147085, 0.40555755911330604, 0.19493527893636098, 0.27746504073155887, 0.22830742832493714, 0.3720355709800578, 0.36948424946085906, 0.31073664638333126, 0.31544095269437417, 0.18960495451575854, 0.18656420561396425, 0.19502642851900612, 0.17703106705289218, 0.26711065127249434, 0.393742155222708, 0.47414435610393635, 0.3925155913294027, 0.2988458514060658, 0.3086453908403939, 0.3213654492826578, 0.4813076533489061, 0.27032362523936293, 0.4361381436366061, 0.19871545608414007, 0.30036945223595846, 0.45761909252088045, 0.37895624712578674, 0.15617167558112088, 0.290813795294025]
ind_hd95s: [4.4721360206604, 1.0, 3.1622776985168457, 26.992490768432617, 2.0, 1.7320507764816284, 2.2360680103302, 18.313032150268555, 2.2360680103302, 2.0, 1.4142135381698608, 1.0, 13.949899673461914, 1.0, 5.0, 5.0, 10.21760368347168, 14.456831932067871, 6.7082037925720215, 18.538972854614258, 12.083045959472656, 2.2360680103302, 1.0, 9.24117374420166, 3.605551242828369, 3.605551242828369, 1.4142135381698608, 1.4142135381698608, 8.532258987426758, 9.69536018371582, 8.062257766723633, 1.4142135381698608, 13.072867393493652, 1.7320507764816284, 5.099019527435303, 3.605551242828369, 5.74456262588501, 9.433980941772461, 2.2360680103302, 5.0, 1.0, 2.4494898319244385, 4.242640495300293, 5.987227916717529, 2.2360680103302, 6.651587009429932, 1.986602544784546, 3.316624879837036, 23.354867935180664, 3.464101552963257, 2.2360680103302, 1.4142135381698608, 1.0, 11.90742015838623, 4.582575798034668, 4.158008575439453, 12.083045959472656, 2.0, 9.082825660705566, 2.4494898319244385, 1.0, 1.0, 1.4142135381698608, 2.0, 1.4142135381698608, 2.0, 1.0, 1.0, 2.2360680103302, 11.525875091552734, 3.605551242828369, 15.620499610900879, 1.4142135381698608, 2.2360680103302, 1.0, 1.4142135381698608, 1.4142135381698608, 1.4142135381698608, 17.555622100830078, 9.203226089477539, 12.884099006652832, 4.488701820373535, 17.916473388671875, 1.0, 3.316624879837036, 6.7082037925720215, 3.0, 12.727922439575195, 5.830951690673828, 5.830951690673828, 1.7320507764816284, 1.0, 1.0, 1.7320507764816284, 1.4142135381698608, 5.830951690673828, 15.42724895477295, 11.0136079788208, 7.566318988800049, 2.2360680103302, 1.4142135381698608, 26.046056747436523, 1.4142135381698608, 11.224971771240234, 1.0, 4.582575798034668, 21.17540740966797, 22.158519744873047, 1.4142135381698608, 3.605551242828369]
ind_dices: [0.7016759514808655, 0.8603998422622681, 0.7206274271011353, 0.4518072307109833, 0.8066607117652893, 0.7539373636245728, 0.6122860312461853, 0.6151898503303528, 0.6981472373008728, 0.7174914479255676, 0.7948549389839172, 0.852540135383606, 0.5666486620903015, 0.8848082423210144, 0.6662131547927856, 0.7508467435836792, 0.5402597188949585, 0.44590163230895996, 0.6184895634651184, 0.539130449295044, 0.5682326555252075, 0.8056256771087646, 0.8252835273742676, 0.5910577774047852, 0.6338059902191162, 0.6763990521430969, 0.7682687044143677, 0.8695510029792786, 0.4902723729610443, 0.44970986247062683, 0.637837827205658, 0.7941065430641174, 0.4992150664329529, 0.8210073113441467, 0.7751506567001343, 0.744562566280365, 0.6500319838523865, 0.6828562021255493, 0.7485828995704651, 0.5968468189239502, 0.8606703281402588, 0.7350157499313354, 0.6297038793563843, 0.4741463363170624, 0.7248018383979797, 0.6698216199874878, 0.8144684433937073, 0.7453228831291199, 0.47147470712661743, 0.7950361967086792, 0.7547844648361206, 0.8731944561004639, 0.9081671237945557, 0.5921375751495361, 0.7311089038848877, 0.6340377926826477, 0.6056210398674011, 0.7926101088523865, 0.7531531453132629, 0.7759363651275635, 0.8365257382392883, 0.8947080373764038, 0.8663652539253235, 0.7631734609603882, 0.832878828048706, 0.8616214394569397, 0.8817480802536011, 0.8970567584037781, 0.7262450456619263, 0.595146894454956, 0.6933830380439758, 0.53657066822052, 0.8184882998466492, 0.774355411529541, 0.8481012582778931, 0.8769479393959045, 0.8454545736312866, 0.8455623984336853, 0.7332439422607422, 0.7605466246604919, 0.590727686882019, 0.6375598311424255, 0.39234450459480286, 0.8449486494064331, 0.7450472712516785, 0.7599315643310547, 0.7167133688926697, 0.5002119541168213, 0.6417734622955322, 0.7412793636322021, 0.8482173681259155, 0.8954910039901733, 0.8842137455940247, 0.7706534266471863, 0.8351204991340637, 0.6801089644432068, 0.3270941972732544, 0.550000011920929, 0.6169759631156921, 0.7791454195976257, 0.7854366302490234, 0.2542087435722351, 0.7677456140518188, 0.5132470726966858, 0.882811427116394, 0.7062821984291077, 0.3064270615577698, 0.45200371742248535, 0.8450026512145996, 0.7724480628967285]
ind_avds: [29.929351806640625, 7.966182708740234, 42.831478118896484, 45.01845169067383, 29.970190048217773, 36.72452926635742, 59.9476432800293, 65.9932632446289, 15.664780616760254, 50.992008209228516, 29.318151473999023, 7.793626308441162, 29.048208236694336, 3.9135782718658447, 5.498601913452148, 29.79452133178711, 146.2230224609375, 10.852713584899902, 80.80438995361328, 51.8248176574707, 115.62223815917969, 20.69657325744629, 3.6030654907226562, 61.50189971923828, 79.78589630126953, 73.21937561035156, 31.903873443603516, 13.27572250366211, 148.2384796142578, 141.81817626953125, 32.49551010131836, 38.7373161315918, 83.53115844726562, 33.07095718383789, 38.079471588134766, 21.579652786254883, 63.13131332397461, 42.606319427490234, 53.31171798706055, 104.40744018554688, 9.438979148864746, 45.863494873046875, 40.546329498291016, 83.149169921875, 31.961471557617188, 3.3308660984039307, 33.04487228393555, 26.727479934692383, 23.85542106628418, 3.065938711166382, 27.64657974243164, 11.061466217041016, 4.180795192718506, 70.43189239501953, 0.19607843458652496, 1.1061947345733643, 1.0938924551010132, 0.3605102598667145, 8.64661693572998, 37.55905532836914, 0.06602839380502701, 3.713550567626953, 5.852231025695801, 17.234725952148438, 1.571759819984436, 3.0796566009521484, 6.297646522521973, 8.13850212097168, 21.298173904418945, 43.167701721191406, 22.768165588378906, 134.22378540039062, 19.644540786743164, 27.705490112304688, 1.6804978847503662, 4.511403560638428, 20.487613677978516, 2.378199815750122, 0.8075370192527771, 1.5330188274383545, 33.81191635131836, 25.74257469177246, 165.95330810546875, 0.09280204027891159, 9.358065605163574, 6.232850074768066, 49.53401565551758, 124.03845977783203, 61.82028579711914, 31.044557571411133, 3.902935743331909, 0.7887136340141296, 3.5048303604125977, 1.2304420471191406, 19.625221252441406, 76.05845642089844, 299.0811767578125, 101.14566040039062, 27.002761840820312, 25.988475799560547, 25.797473907470703, 507.1428527832031, 16.472034454345703, 125.25050354003906, 2.9931585788726807, 40.635223388671875, 340.8566589355469, 94.78022003173828, 9.31512451171875, 32.83818817138672]
ueos: [0.002090855035930872, 0.20074661076068878, 0.1722704917192459, 0.15423253178596497, 0.13932377099990845, 0.12652644515037537, 0.11521844565868378, 0.10490631312131882, 0.0945938229560852, 0.08441799134016037, 0.07368068397045135, 0.0628141313791275, 0.050343114882707596, 0.03401003032922745, 0.0, 0.0, 0.0, 0.0, 0.0, 0.0, 0.0, 0.0]
mean_FN_coverage: [0.6732398867607117, 0.0904090479016304, 0.07479121536016464, 0.06506091356277466, 0.05832553654909134, 0.05265563726425171, 0.04681050404906273, 0.04233139380812645, 0.0381631925702095, 0.032600224018096924, 0.028305036947131157, 0.02318672463297844, 0.019062384963035583, 0.013183927163481712, 0.0, 0.0, 0.0, 0.0, 0.0, 0.0, 0.0, 0.0]
size_entirely_missed_lesions: [nan, 4.052845478057861, 4.047715187072754, 4.03874397277832, 4.04515266418457, 4.047682285308838, 4.0422163009643555, 4.037499904632568, 4.034165382385254, 4.030799388885498, 4.026779651641846, 4.0234375, 4.022771835327148, 4.024010181427002, 4.019342422485352, 4.019342422485352, 4.019342422485352, 4.019342422485352, 4.019342422485352, 4.019342422485352, 4.019342422485352, 4.019342422485352]
mean_missed_lesion_coverage: [1.0, 0.025144940242171288, 0.020279159769415855, 0.015835022553801537, 0.013364650309085846, 0.012412883341312408, 0.010639832355082035, 0.009189155884087086, 0.008222037926316261, 0.006518068723380566, 0.004992170725017786, 0.003272850066423416, 0.003057934809476137, 0.0023533205967396498, 0.0, 0.0, 0.0, 0.0, 0.0, 0.0, 0.0, 0.0]
prop_entirely_missed: [0.0, 0.24054758250713348, 0.24250325560569763, 0.24397000670433044, 0.24543677270412445, 0.2460886538028717, 0.24706649780273438, 0.24771837890148163, 0.24804432690143585, 0.2486962229013443, 0.24951107800006866, 0.2503259479999542, 0.25048890709877014, 0.2511408030986786, 0.2527705430984497, 0.2527705430984497, 0.2527705430984497, 0.2527705430984497, 0.2527705430984497, 0.2527705430984497, 0.2527705430984497, 0.2527705430984497]
