confidences: [           nan 8.30680656e-05 7.55518749e-02 1.29666597e-01
 1.83058977e-01 2.35910401e-01 2.88889319e-01 3.41634870e-01
 3.94352823e-01 4.47172940e-01 5.00022531e-01 5.52568138e-01
 6.05292261e-01 6.58052206e-01 7.10876584e-01 7.63591290e-01
 8.16558480e-01 8.69606316e-01 9.23395872e-01 9.86383200e-01]
accuracies: [           nan 6.47701318e-05 7.11912915e-02 1.13067318e-01
 1.55123554e-01 1.92761713e-01 2.29044517e-01 2.74215804e-01
 3.10667392e-01 3.50593824e-01 3.91235600e-01 4.38019998e-01
 4.88150409e-01 5.35784852e-01 5.91285523e-01 6.50215531e-01
 7.11898721e-01 7.81359450e-01 8.59521586e-01 9.63426535e-01]
ind_eces: [0.05403586664449878, 0.03571392854304999, 0.07475660728935013, 0.08380004253004372, 0.06358125731594151, 0.12190253193954526, 0.05259051160021132, 0.042972483992510115, 0.04802974138903861, 0.2210306804582565, 0.06205493659305482, 0.0232198922233901, 0.10706109642201787, 0.024464923617843137, 0.059656185794925834, 0.11949779167747147, 0.17872326354467447, 0.10513207426135812, 0.0960914678775136, 0.041769372758818674, 0.1412735339758226, 0.18941588384720306, 0.007982870536212338, 0.09824200224465936, 0.1167035296384133, 0.17847472372281833, 0.1266854154348977, 0.018971041479678583, 0.08142600319147604, 0.10610044488213057, 0.031608895351557365, 0.11036137054077404, 0.03435373519835858, 0.16907489611276524, 0.142094095621393, 0.13898503957901454, 0.11979978426026265, 0.03999496319359711, 0.2087835992913761, 0.12549560898515638, 0.19240462392798685, 0.2368497448584003, 0.12259368708985449, 0.05787672468995656, 0.04160391785203141, 0.03085856787543733, 0.1191390880755267, 0.05702457234539893, 0.036985815980176695, 0.08733159107594204, 0.09786493936570016, 0.06986921090371817, 0.1024282131331677, 0.19095948013223138, 0.02376833152567712, 0.05212111246005127, 0.06704710281190894, 0.08956006896674484, 0.035385699083960144, 0.19962899447480575, 0.12430396152257465, 0.12822958415486738, 0.10183443762181214, 0.12618472484270205, 0.06360660317350669, 0.12520762306060862, 0.226797138029762, 0.14035761572933797, 0.16206125897815968, 0.057196642105259016, 0.1665204868421361, 0.41209322713028246, 0.2079208131144339, 0.14870056195120882, 0.07538552181857618, 0.04399208574451289, 0.04023334307567514, 0.04807972918652587, 0.13964395276624736, 0.07966570817918485, 0.029193348534713566, 0.015590962767432052, 0.05042441628941965, 0.030045218055453817, 0.03931358570873175, 0.038088279156545383, 0.0370866860600974, 0.0643508827108411, 0.18589637750254964, 0.09632446777033561, 0.07919565382747067, 0.027208975567879337, 0.09044623639143175, 0.03151643848054311, 0.0873563869789688, 0.21659907392031424, 0.20043574630023253, 0.03753014311248401, 0.06140392796424167, 0.10684323578851772, 0.029704593645202265, 0.22212860122369943, 0.0247017704849655, 0.03802252182448646, 0.008751765747508205, 0.1481448645490967, 0.18843784671346098, 0.07958718423405642, 0.10798430684815753, 0.2208100746366356]
ind_hd95s: [3.0, 1.0, 1.0, 25.094568252563477, 1.0, 1.4142135381698608, 2.2360680103302, 7.186040878295898, 2.0, 1.4142135381698608, 1.0, 1.0, 7.168158531188965, 1.0, 4.39286994934082, 1.4142135381698608, 2.2360680103302, 25.286279678344727, 2.0, 7.856869220733643, 1.4142135381698608, 1.4142135381698608, 1.0, 2.2360680103302, 1.4142135381698608, 1.4142135381698608, 1.4142135381698608, 1.0, 2.2360680103302, 4.4721360206604, 3.1622776985168457, 1.0, 7.213892936706543, 1.0, 1.0, 1.4142135381698608, 2.4068052768707275, 1.4142135381698608, 1.4142135381698608, 1.4142135381698608, 1.0, 1.4142135381698608, 3.316624879837036, 14.60086441040039, 1.4142135381698608, 5.103876113891602, 1.0, 1.4142135381698608, 14.39955997467041, 3.0, 1.4142135381698608, 1.0, 1.0, 8.239727020263672, 2.4494898319244385, 3.316624879837036, 3.7416574954986572, 1.0, 8.062257766723633, 2.0, 1.4142135381698608, 1.0, 1.0, 1.4142135381698608, 1.0, 1.0, 1.0, 1.0, 1.4142135381698608, 9.027361869812012, 1.4142135381698608, 16.792856216430664, 1.4142135381698608, 1.7320507764816284, 1.0, 1.0, 1.0, 1.0, 17.210458755493164, 4.123105525970459, 10.925759315490723, 4.582575798034668, 14.456831932067871, 1.0, 1.4142135381698608, 3.61916184425354, 1.7320507764816284, 3.5, 5.74456262588501, 5.74456262588501, 2.0, 1.0, 1.0, 1.4142135381698608, 1.0, 3.0, 10.074451446533203, 6.572256565093994, 2.246739149093628, 2.0, 1.4142135381698608, 14.049195289611816, 1.7320507764816284, 3.1622776985168457, 1.0, 3.1622776985168457, 12.903444290161133, 22.045408248901367, 1.4142135381698608, 3.0]
ind_dices: [0.7117646932601929, 0.8728458285331726, 0.7730321288108826, 0.5537757277488708, 0.856663703918457, 0.7857444286346436, 0.6666666865348816, 0.6327683329582214, 0.6824644804000854, 0.7712346315383911, 0.827163815498352, 0.8671743869781494, 0.6250986456871033, 0.8985214829444885, 0.7124532461166382, 0.8042359352111816, 0.7298466563224792, 0.2544987201690674, 0.7337690591812134, 0.5701943635940552, 0.76113361120224, 0.8122323155403137, 0.8559382557868958, 0.699386477470398, 0.7243589758872986, 0.7741273045539856, 0.8168150782585144, 0.87224280834198, 0.6304044723510742, 0.617427408695221, 0.6912621259689331, 0.8485104441642761, 0.548604428768158, 0.8535051941871643, 0.8473007678985596, 0.7984032034873962, 0.7143419981002808, 0.7541508078575134, 0.8179237842559814, 0.7396637797355652, 0.8533204197883606, 0.769987165927887, 0.7148696780204773, 0.621874988079071, 0.7906348705291748, 0.7124895453453064, 0.8736461997032166, 0.7925959825515747, 0.5877061486244202, 0.811060905456543, 0.7665627598762512, 0.8926259875297546, 0.9141247272491455, 0.6558265686035156, 0.7847328186035156, 0.6838046312332153, 0.6774367094039917, 0.8047927021980286, 0.771695613861084, 0.7968328595161438, 0.8509749174118042, 0.8936881422996521, 0.8845566511154175, 0.7950384020805359, 0.8594645857810974, 0.8735762238502502, 0.8602225184440613, 0.8995020985603333, 0.7700502872467041, 0.6430976390838623, 0.7506082653999329, 0.3886115849018097, 0.8310770392417908, 0.814761221408844, 0.8679283261299133, 0.8949817419052124, 0.901456356048584, 0.8817133903503418, 0.8026565313339233, 0.7926540374755859, 0.6794657707214355, 0.6960241794586182, 0.6102783679962158, 0.8664734959602356, 0.7922727465629578, 0.7683261632919312, 0.7996647357940674, 0.7498276829719543, 0.687321662902832, 0.8172985911369324, 0.8589381575584412, 0.9079488515853882, 0.8947973847389221, 0.797823965549469, 0.8779208064079285, 0.7673388123512268, 0.6684141755104065, 0.7315378189086914, 0.7033595442771912, 0.8312420845031738, 0.8383260369300842, 0.5506912469863892, 0.8121564984321594, 0.7572502493858337, 0.895951509475708, 0.7622976303100586, 0.5909407734870911, 0.5089430809020996, 0.8552486300468445, 0.8067128658294678]
ind_avds: [25.30507469177246, 0.5273020267486572, 3.593244791030884, 38.74538803100586, 5.090575695037842, 14.732075691223145, 8.37696361541748, 21.212121963500977, 13.472418785095215, 39.6708984375, 3.841404914855957, 0.8995116949081421, 43.386898040771484, 1.86836838722229, 25.629077911376953, 11.674968719482422, 28.687049865722656, 79.37984466552734, 9.780621528625488, 31.02189826965332, 18.005294799804688, 23.77263832092285, 4.060913562774658, 1.4258555173873901, 16.120906829833984, 31.244064331054688, 16.345556259155273, 4.112051963806152, 5.691056728363037, 0.8264462947845459, 15.080789566040039, 13.438556671142578, 45.84569549560547, 19.51859474182129, 14.679911613464355, 14.618474006652832, 13.636363983154297, 4.955130577087402, 28.4390926361084, 15.572967529296875, 20.107683181762695, 41.882110595703125, 9.641135215759277, 23.20442008972168, 5.516637325286865, 23.39008140563965, 13.076923370361328, 1.6419612169265747, 39.27710723876953, 0.2729945480823517, 8.95765495300293, 9.708971977233887, 6.323359489440918, 45.18272399902344, 7.352941036224365, 27.87610626220703, 30.72014617919922, 5.990016460418701, 12.280701637268066, 33.70078659057617, 13.337735176086426, 10.471697807312012, 7.632284641265869, 17.749197006225586, 4.522030353546143, 9.283387184143066, 22.4284610748291, 10.994377136230469, 28.465179443359375, 15.527950286865234, 27.54325294494629, 294.8084716796875, 24.774471282958984, 19.295461654663086, 6.099585056304932, 0.36623939871788025, 6.262288570404053, 2.031378984451294, 12.786003112792969, 0.9433962106704712, 27.997129440307617, 21.152114868164062, 18.28793716430664, 7.830172061920166, 16.590246200561523, 0.0, 5.428704738616943, 0.6868131756782532, 36.50212097167969, 5.502799987792969, 13.660274505615234, 0.1555209904909134, 11.285853385925293, 12.912046432495117, 7.533552646636963, 37.674617767333984, 33.69065856933594, 11.620294570922852, 6.767955780029297, 4.271806240081787, 9.18432903289795, 58.33333206176758, 9.895513534545898, 13.426854133605957, 0.20667046308517456, 21.414939880371094, 36.408565521240234, 31.043956756591797, 15.532001495361328, 28.386491775512695]
ueos: [0.0013893521390855312, 0.2142563760280609, 0.26693615317344666, 0.3033004403114319, 0.3326610326766968, 0.35711967945098877, 0.37858158349990845, 0.3970421850681305, 0.4130912721157074, 0.425008624792099, 0.4334317743778229, 0.4354538321495056, 0.4250769317150116, 0.3865366578102112, 0.08799088001251221, 0.02875242382287979, 0.021215608343482018, 0.016457170248031616, 0.012278001755475998, 0.008453410118818283, 0.0054511441849172115, 0.0029801507480442524]
mean_FN_coverage: [0.7004563212394714, 0.66460782289505, 0.6444868445396423, 0.6240196824073792, 0.6046029925346375, 0.5847726464271545, 0.5626137256622314, 0.5379533767700195, 0.5138294100761414, 0.48205649852752686, 0.44643035531044006, 0.40425464510917664, 0.34845539927482605, 0.2647239863872528, 0.03233001008629799, 0.008999901823699474, 0.005189757794141769, 0.0038726776838302612, 0.0025490529369562864, 0.0018438732950016856, 0.0012064434122294188, 0.0007934553432278335]
size_entirely_missed_lesions: [nan, 2.9407408237457275, 3.1224489212036133, 2.954545497894287, 3.0520832538604736, 3.197058916091919, 3.2418136596679688, 3.3230769634246826, 3.3849287033081055, 3.3963637351989746, 3.4836065769195557, 3.5512630939483643, 3.548556327819824, 3.69343900680542, 3.8867595195770264, 3.9460153579711914, 3.98549485206604, 3.994884967803955, 3.994884967803955, 4.017887592315674, 4.129361629486084, 4.133503437042236]
mean_missed_lesion_coverage: [1.0, 0.8283987641334534, 0.7492486834526062, 0.674196720123291, 0.6137455701828003, 0.5546510219573975, 0.49408701062202454, 0.44234785437583923, 0.40004366636276245, 0.34834912419319153, 0.2987610101699829, 0.24847033619880676, 0.18828833103179932, 0.12108201533555984, 0.010015620850026608, 0.0035311109386384487, 0.0010922205401584506, 0.0006446994375437498, 0.0005984120070934296, 0.00034299379331059754, 0.0002950061170849949, 0.00010620220564305782]
prop_entirely_missed: [0.0, 0.022001303732395172, 0.03194263204932213, 0.0394393727183342, 0.04693611338734627, 0.05541069060564041, 0.06470013409852982, 0.07415254414081573, 0.08001955598592758, 0.08963494002819061, 0.09941329807043076, 0.10968057066202164, 0.12418513745069504, 0.14406779408454895, 0.18709257245063782, 0.19018904864788055, 0.1910039186477661, 0.19116687774658203, 0.19116687774658203, 0.19132985174655914, 0.19149282574653625, 0.19165579974651337]
