bras: 0.9084069480498631
ece: 0.07237049257055014
dice: 0.7599999904632568
f1: 0.7300000190734863
avd: 19.260000228881836
hd95: 3.9100000858306885
recall: 0.7099999785423279
max ueo: 0.4354538321495056
undetected clusters at max ueo: 0.10968057066202164
confidences: [           nan 8.30680656e-05 7.55518749e-02 1.29666597e-01
 1.83058977e-01 2.35910401e-01 2.88889319e-01 3.41634870e-01
 3.94352823e-01 4.47172940e-01 5.00022531e-01 5.52568138e-01
 6.05292261e-01 6.58052206e-01 7.10876584e-01 7.63591290e-01
 8.16558480e-01 8.69606316e-01 9.23395872e-01 9.86383200e-01]
accuracies: [           nan 6.47701318e-05 7.11912915e-02 1.13067318e-01
 1.55123554e-01 1.92761713e-01 2.29044517e-01 2.74215804e-01
 3.10667392e-01 3.50593824e-01 3.91235600e-01 4.38019998e-01
 4.88150409e-01 5.35784852e-01 5.91285523e-01 6.50215531e-01
 7.11898721e-01 7.81359450e-01 8.59521586e-01 9.63426535e-01]
