confidences: [       nan 0.03964384 0.09194344 0.10754687 0.18124807 0.23534107
 0.28848577 0.34142902 0.39416435 0.44708499 0.50002176 0.55268466
 0.60546368 0.65826488 0.71099752 0.76428962 0.81723666 0.8698265
 0.92204916 0.97396666]
accuracies: [           nan 1.03370267e-03 2.04032229e-04 7.63335144e-05
 9.57153398e-02 1.50397123e-01 2.02321662e-01 2.60169216e-01
 3.11192622e-01 3.70434061e-01 4.24402196e-01 4.85694501e-01
 5.48323227e-01 6.12915408e-01 6.83626320e-01 7.53558118e-01
 8.30411070e-01 8.88628935e-01 9.29674761e-01 9.59698596e-01]
ind_eces: [0.12481220534728481, 0.06139910513323291, 0.18120715601274487, 0.2667138800317756, 0.17074818708860276, 0.17379406957857066, 0.2388714952900475, 0.1986501996170418, 0.11225061495281762, 0.1902470866417085, 0.12344413445781496, 0.0667969383441696, 0.16254073626074594, 0.05857132226580294, 0.08886718067044708, 0.20768363817424984, 0.31086005708777614, 0.10536603555014477, 0.23151806347790002, 0.2224447848659845, 0.28324415540561465, 0.11717409772403571, 0.038422862028532706, 0.23787305246258958, 0.2356763918049071, 0.25411069720272333, 0.14402235805373328, 0.06661874083106216, 0.2667322587413215, 0.2646304425442198, 0.14481491842576968, 0.18290046944166327, 0.25076799865571264, 0.14691354497204648, 0.18498286691838278, 0.15445561585560766, 0.2142967430617193, 0.15261299663343866, 0.2513073369774939, 0.27379205503209386, 0.07972192361771861, 0.21358625483856533, 0.21226179735195225, 0.29003393426224316, 0.17868925381477302, 0.12335928075362575, 0.17943388871755606, 0.14133373725311282, 0.17977635307895903, 0.08017445959015214, 0.125983847301652, 0.13061567946814084, 0.14048564704300087, 0.2377915467443004, 0.06156920700096272, 0.1013817489690467, 0.07977422979142375, 0.07071491804840029, 0.06688445513187857, 0.12879983238433068, 0.08337924711295294, 0.10024579619329707, 0.09785655002485855, 0.10670872232681745, 0.06722809019393615, 0.09694035507690998, 0.10006891256961065, 0.10325036253016946, 0.09416361830480675, 0.14401587938733496, 0.10469772837901553, 0.22507402238711757, 0.11874402980551985, 0.1662666799742748, 0.08511815445258927, 0.0987428475837511, 0.20846399376089497, 0.09258785467139702, 0.10039916188693307, 0.08915307271197129, 0.17945844968857527, 0.13765625633897485, 0.19488254934798185, 0.070621404259768, 0.059925071700818594, 0.07163281286469393, 0.19129792722328945, 0.2540524700749065, 0.17746223470933292, 0.1422180941029842, 0.07288841596883198, 0.07763757956752516, 0.1073548316361489, 0.030309269503142777, 0.10152386747812614, 0.237906339745008, 0.36691638265762333, 0.26131357248348613, 0.16799868915241736, 0.1262990751619013, 0.13574745056817683, 0.4118379044285927, 0.1250171472792364, 0.3147360362065243, 0.058964735217106067, 0.1751478303416777, 0.37979918483206077, 0.23798999900943293, 0.10984023613282644, 0.25624670720802833]
ind_hd95s: [7.874007701873779, 1.0, 2.4494898319244385, 26.533796310424805, 2.0, 1.7320507764816284, 19.89466094970703, 2.4068052768707275, 4.152989387512207, 2.0, 1.4142135381698608, 1.0, 9.8842134475708, 1.0, 4.614927768707275, 6.176349639892578, 4.4721360206604, 7.668071269989014, 2.4494898319244385, 23.366641998291016, 4.4721360206604, 2.2360680103302, 1.0, 6.336340427398682, 2.0, 2.2360680103302, 1.4142135381698608, 1.0, 4.679501533508301, 4.123105525970459, 5.099019527435303, 1.4142135381698608, 10.862780570983887, 1.4142135381698608, 1.4142135381698608, 5.74456262588501, 3.105480432510376, 3.0, 2.2360680103302, 2.8284270763397217, 1.0, 3.1622776985168457, 3.0, 5.5039591789245605, 2.2360680103302, 5.099019527435303, 1.4142135381698608, 1.4142135381698608, 21.189620971679688, 3.605551242828369, 1.7320507764816284, 1.4142135381698608, 1.4142135381698608, 7.842128753662109, 8.602325439453125, 8.95538330078125, 10.37925910949707, 2.2360680103302, 9.022087097167969, 1.4142135381698608, 1.4142135381698608, 1.0, 1.4142135381698608, 3.316624879837036, 2.2360680103302, 2.2360680103302, 1.4142135381698608, 1.0, 2.8284270763397217, 10.039875030517578, 3.0, 15.65247631072998, 1.4142135381698608, 2.2360680103302, 1.4142135381698608, 1.4142135381698608, 2.0, 1.4142135381698608, 17.2625789642334, 3.7416574954986572, 9.864009857177734, 4.123105525970459, 13.270166397094727, 1.4142135381698608, 1.4142135381698608, 8.949844360351562, 1.7454482316970825, 9.899495124816895, 5.196152210235596, 5.099019527435303, 4.4721360206604, 1.0, 1.0, 1.4142135381698608, 1.4142135381698608, 4.123105525970459, 19.51922035217285, 14.255584716796875, 6.7082037925720215, 2.0, 1.4142135381698608, 23.853721618652344, 3.1217081546783447, 12.733805656433105, 1.0, 3.7416574954986572, 20.87571907043457, 20.57893943786621, 1.4142135381698608, 4.582575798034668]
ind_dices: [0.719878613948822, 0.8600399494171143, 0.7382674217224121, 0.4682926833629608, 0.814063310623169, 0.7534658908843994, 0.6259143352508545, 0.6657571792602539, 0.6910976767539978, 0.7131652235984802, 0.801465630531311, 0.8566381931304932, 0.6010362505912781, 0.8874419331550598, 0.6993893980979919, 0.7585554122924805, 0.5851578116416931, 0.5013428926467896, 0.6568894982337952, 0.549777090549469, 0.6221268773078918, 0.8067973256111145, 0.8310246467590332, 0.6248511075973511, 0.6647509336471558, 0.6956989169120789, 0.7866131663322449, 0.8734385967254639, 0.5680365562438965, 0.5331820845603943, 0.6666666865348816, 0.8028412461280823, 0.496223121881485, 0.8222780227661133, 0.8060200810432434, 0.7533050775527954, 0.6623243093490601, 0.7160582542419434, 0.759748637676239, 0.6346388459205627, 0.8666538596153259, 0.7282343506813049, 0.6534397006034851, 0.5087412595748901, 0.7204066514968872, 0.6957717537879944, 0.8253359198570251, 0.7671204209327698, 0.5863192081451416, 0.8047792911529541, 0.7697790265083313, 0.8796717524528503, 0.8986721038818359, 0.5772455334663391, 0.7248388528823853, 0.6624472737312317, 0.6940122842788696, 0.7856356501579285, 0.7473878264427185, 0.7889938950538635, 0.8441095948219299, 0.8966593742370605, 0.869925856590271, 0.7585380673408508, 0.8265609741210938, 0.860807478427887, 0.8785684108734131, 0.8991608619689941, 0.7394931316375732, 0.5954605937004089, 0.717783510684967, 0.639684796333313, 0.8216045498847961, 0.7638108134269714, 0.842440664768219, 0.8799113631248474, 0.8343200087547302, 0.8522594571113586, 0.7596795558929443, 0.7382169365882874, 0.6266937851905823, 0.6841230392456055, 0.5920634865760803, 0.8490420579910278, 0.7761101126670837, 0.7593023180961609, 0.7469135522842407, 0.5926701426506042, 0.6815022826194763, 0.7882902026176453, 0.8430607318878174, 0.9009870290756226, 0.8931147456169128, 0.7782484889030457, 0.8477351665496826, 0.7091160416603088, 0.4008859395980835, 0.6076875925064087, 0.620734453201294, 0.7948350310325623, 0.7916944622993469, 0.2649420201778412, 0.7829040288925171, 0.5415325164794922, 0.8866059184074402, 0.7190828919410706, 0.3484486937522888, 0.5333333611488342, 0.8503953814506531, 0.7262087464332581]
ind_avds: [11.624919891357422, 2.8544037342071533, 33.52497482299805, 26.93726921081543, 28.273332595825195, 30.822641372680664, 50.5235595703125, 46.80134582519531, 4.561527729034424, 45.76398849487305, 24.653587341308594, 3.694422960281372, 14.709517478942871, 1.922189712524414, 1.5843429565429688, 30.168119430541992, 116.2769775390625, 26.821704864501953, 68.00730895996094, 45.62043762207031, 87.99646759033203, 18.40066909790039, 0.965462327003479, 39.44866943359375, 62.972293853759766, 64.95726776123047, 27.180442810058594, 7.545528411865234, 96.74797058105469, 91.40496063232422, 10.861759185791016, 34.904170989990234, 55.34124755859375, 31.65639877319336, 31.015453338623047, 14.672021865844727, 45.538719177246094, 16.97229766845703, 50.62528991699219, 81.3418197631836, 7.67083215713501, 54.188209533691406, 48.366363525390625, 116.02210235595703, 41.15586853027344, 15.321983337402344, 33.78205108642578, 19.452678680419922, 21.927711486816406, 7.391852378845215, 28.501628875732422, 11.629030227661133, 7.784029483795166, 77.40863800048828, 2.254901885986328, 9.734513282775879, 6.654512405395508, 1.5529673099517822, 3.884711742401123, 33.22834777832031, 0.6107626557350159, 3.327615737915039, 5.974152565002441, 14.662379264831543, 5.011594772338867, 3.1684927940368652, 7.446691036224365, 8.079313278198242, 14.7734956741333, 32.60869598388672, 14.809688568115234, 81.45161437988281, 21.36798095703125, 31.513805389404297, 4.6576762199401855, 4.677875995635986, 23.146873474121094, 1.9157720804214478, 1.6150740385055542, 7.665094375610352, 11.916726112365723, 16.561656951904297, 45.13618850708008, 4.431297302246094, 1.3547310829162598, 2.273618221282959, 34.01677703857422, 62.36263656616211, 46.95333480834961, 29.559289932250977, 6.507720947265625, 1.3608087301254272, 5.848873138427734, 2.7798876762390137, 18.02988052368164, 64.28111267089844, 214.85452270507812, 68.24877166748047, 12.5, 21.577587127685547, 24.76985740661621, 467.26190185546875, 17.14812469482422, 111.22244262695312, 1.8671607971191406, 35.44165802001953, 283.196044921875, 34.89011001586914, 11.842641830444336, 40.33464813232422]
ueos: [0.0016450727125629783, 0.0016423853812739253, 0.0016364332986995578, 0.0016277926042675972, 0.0016169450245797634, 0.0016034720465540886, 0.001587660051882267, 0.001567934057675302, 0.0015455681132152677, 0.00151847826782614, 0.0014859357615932822, 0.001449284260161221, 0.0014110603369772434, 0.0013576133642345667, 0.0013104388490319252, 0.0012596887536346912, 0.0012095813872292638, 0.0012162486091256142, 0.0015424685552716255, 0.20359326899051666, 0.22938984632492065, 0.1815725564956665]
mean_FN_coverage: [0.6750326156616211, 0.6750326156616211, 0.6750326156616211, 0.6750326156616211, 0.6750326156616211, 0.6750326156616211, 0.6750295758247375, 0.6749967932701111, 0.6747735142707825, 0.6735713481903076, 0.6699293255805969, 0.6626757383346558, 0.6476914286613464, 0.621999979019165, 0.5886773467063904, 0.5469476580619812, 0.49879488348960876, 0.4411434233188629, 0.3868503272533417, 0.3264867067337036, 0.24391227960586548, 0.14105525612831116]
size_entirely_missed_lesions: [nan, nan, nan, nan, nan, nan, nan, nan, nan, 3.0, 1.8571428060531616, 2.538461446762085, 2.701298713684082, 3.00543475151062, 3.2612359523773193, 3.4055047035217285, 3.5840001106262207, 3.9646365642547607, 4.192372798919678, 4.2458014488220215, 4.242786884307861, 4.231619834899902]
mean_missed_lesion_coverage: [1.0, 1.0, 1.0, 1.0, 1.0, 1.0, 1.0, 0.9999489188194275, 0.999330997467041, 0.9955326914787292, 0.9838846921920776, 0.9596124291419983, 0.9088783264160156, 0.8218824863433838, 0.7120181918144226, 0.5841144323348999, 0.45018628239631653, 0.31505557894706726, 0.23056885600090027, 0.1669078767299652, 0.10687275230884552, 0.04886708781123161]
prop_entirely_missed: [0.0, 0.0, 0.0, 0.0, 0.0, 0.0, 0.0, 0.0, 0.0, 0.00016297261754516512, 0.001140808337368071, 0.0042372881434857845, 0.012548891827464104, 0.02998696267604828, 0.05801825225353241, 0.08882007747888565, 0.12222946435213089, 0.1659061312675476, 0.19230769574642181, 0.21349413692951202, 0.2315840870141983, 0.25048890709877014]
