bras: 0.5372359951337178
ece: 0.05644295758476452
dice: 0.7200000286102295
f1: 0.6399999856948853
avd: 36.54999923706055
hd95: 5.329999923706055
recall: 0.6000000238418579
max ueo: 0.22938984632492065
undetected clusters at max ueo: 0.2315840870141983
confidences: [       nan 0.03964384 0.09194344 0.10754687 0.18124807 0.23534107
 0.28848577 0.34142902 0.39416435 0.44708499 0.50002176 0.55268466
 0.60546368 0.65826488 0.71099752 0.76428962 0.81723666 0.8698265
 0.92204916 0.97396666]
accuracies: [           nan 1.03370267e-03 2.04032229e-04 7.63335144e-05
 9.57153398e-02 1.50397123e-01 2.02321662e-01 2.60169216e-01
 3.11192622e-01 3.70434061e-01 4.24402196e-01 4.85694501e-01
 5.48323227e-01 6.12915408e-01 6.83626320e-01 7.53558118e-01
 8.30411070e-01 8.88628935e-01 9.29674761e-01 9.59698596e-01]
