confidences: [           nan 5.60508706e-05 7.55926147e-02 1.29710987e-01
 1.82883114e-01 2.35940635e-01 2.88872749e-01 3.41707528e-01
 3.94245952e-01 4.47398961e-01 4.99742687e-01 5.52529097e-01
 6.05332792e-01 6.58125639e-01 7.10890889e-01 7.63723910e-01
 8.16656590e-01 8.69745553e-01 9.23451126e-01 9.86834288e-01]
accuracies: [           nan 6.37369722e-05 7.06841638e-02 1.12710081e-01
 1.54110920e-01 1.84864458e-01 2.28194103e-01 2.64688297e-01
 2.98558634e-01 3.39666409e-01 3.79460669e-01 4.21256727e-01
 4.70563007e-01 5.17135608e-01 5.69554455e-01 6.21404318e-01
 6.82957914e-01 7.56128441e-01 8.36178462e-01 9.60448123e-01]
ind_eces: [0.025891252948730077, 0.058249329683202226, 0.10640188003235022, 0.1432795744080701, 0.06343714083473466, 0.131016919457441, 0.08245739644805503, 0.054393693379844794, 0.05599754256147787, 0.22326714161296118, 0.10119801445848751, 0.04170285522607448, 0.0482857920271075, 0.03497378604723607, 0.021872838264598474, 0.13048852677422598, 0.2028186626633612, 0.10813738686970742, 0.10752690049791211, 0.09933312186522886, 0.18425806880871556, 0.19702201090806615, 0.0071407623408968396, 0.11145255588313681, 0.11965993339481863, 0.23090435713625895, 0.12200340659814074, 0.06018411272730931, 0.06537437358408651, 0.10600900762336353, 0.035737241424571575, 0.14931143239897524, 0.051431099935640295, 0.17454423071729652, 0.1632813751256057, 0.13372656285115408, 0.1676446752366516, 0.041812003950287294, 0.2240077380752951, 0.13476698787205282, 0.1959461592503546, 0.19443507434015303, 0.09329812015220579, 0.08054780812097617, 0.02871399717886653, 0.018034818587725123, 0.15514497162587254, 0.018396321216418935, 0.034792074542018145, 0.08335637718994847, 0.1299090009889935, 0.03304360117851662, 0.12925621783311644, 0.23061634732574865, 0.03901813572950512, 0.029810846976275826, 0.057466565335408566, 0.1166979650348564, 0.03173031297915364, 0.22009797615260293, 0.15625163296995936, 0.16774779607935464, 0.12233912648283561, 0.18434955948076334, 0.039249662026587265, 0.15146301918132465, 0.23891905822449588, 0.199259240388151, 0.16707176575371158, 0.06376867335043929, 0.21166694755942295, 0.4192308035033891, 0.21729951631729244, 0.13123909678607715, 0.102067206093649, 0.04322970414995756, 0.027246667502565918, 0.051439072813885454, 0.13081310661500486, 0.10765028522343917, 0.030684137405279945, 0.018548612777033693, 0.03765945564188795, 0.01019649631238074, 0.04858069066198202, 0.057388829676566874, 0.0380720704194194, 0.0682788158324707, 0.16446115906931968, 0.1371908725822133, 0.04641194996298708, 0.017028471716809362, 0.08946081329228008, 0.021270830710832838, 0.11895704953279601, 0.21925096364311938, 0.2021527426477336, 0.04058914003743448, 0.05031156200119786, 0.11098548780410909, 0.01139185704708489, 0.32294882233667344, 0.035408556571306406, 0.06823351700991757, 0.014891373268693544, 0.16306666606828502, 0.23849694571089083, 0.04410852465602609, 0.09827266980210651, 0.23493942252072564]
ind_hd95s: [2.2360680103302, 1.0, 1.4142135381698608, 26.210309982299805, 1.0, 1.4142135381698608, 1.7320507764816284, 6.640359401702881, 1.4142135381698608, 1.4142135381698608, 1.0, 1.0, 5.974418640136719, 1.0, 3.7416574954986572, 1.4142135381698608, 2.4494898319244385, 25.286279678344727, 1.4142135381698608, 3.875164270401001, 1.4142135381698608, 1.4142135381698608, 1.0, 2.4494898319244385, 1.4142135381698608, 1.4142135381698608, 1.0, 1.0, 4.123105525970459, 5.327935695648193, 3.7416574954986572, 1.0, 7.506596565246582, 1.0, 1.0, 1.0621320009231567, 2.4494898319244385, 1.4142135381698608, 1.4142135381698608, 1.4142135381698608, 1.0, 1.4142135381698608, 3.632772445678711, 9.0732421875, 1.812435507774353, 5.385164737701416, 1.0, 1.4142135381698608, 14.20910930633545, 2.2360680103302, 1.4142135381698608, 1.0, 1.0, 8.212738990783691, 4.0, 3.1622776985168457, 5.385164737701416, 1.0, 9.219544410705566, 2.0, 1.4142135381698608, 1.0, 1.0, 1.4142135381698608, 1.0, 1.0, 1.0, 1.0, 1.4142135381698608, 9.32605266571045, 1.4142135381698608, 17.233688354492188, 1.4142135381698608, 1.4142135381698608, 1.0, 1.0, 1.0, 1.0, 17.134723663330078, 4.54944372177124, 8.837386131286621, 3.1622776985168457, 14.635345458984375, 1.0, 1.7320507764816284, 3.3313724994659424, 2.0, 5.656854152679443, 5.385164737701416, 6.164413928985596, 1.4142135381698608, 1.0, 1.0, 1.4142135381698608, 1.0, 2.8284270763397217, 11.0, 5.45421028137207, 1.7320507764816284, 1.0, 1.0, 20.961387634277344, 1.0, 3.7416574954986572, 1.0, 3.1622776985168457, 13.649136543273926, 21.803661346435547, 1.4142135381698608, 3.0]
ind_dices: [0.7095152735710144, 0.8739179968833923, 0.7733837962150574, 0.5400000214576721, 0.853844404220581, 0.7762991786003113, 0.6863517165184021, 0.6537102460861206, 0.701926589012146, 0.7682783603668213, 0.8278244733810425, 0.8657032251358032, 0.6467512845993042, 0.902255654335022, 0.7319214940071106, 0.8039359450340271, 0.7215865850448608, 0.328106164932251, 0.7344290614128113, 0.584269642829895, 0.7438787221908569, 0.8132618069648743, 0.8522946238517761, 0.6902654767036438, 0.7287639379501343, 0.7420357465744019, 0.8258937001228333, 0.8881858587265015, 0.6685393452644348, 0.6194092631340027, 0.6804530024528503, 0.8425188660621643, 0.5259041786193848, 0.8562989234924316, 0.8410047292709351, 0.7982897162437439, 0.6945528984069824, 0.7534571290016174, 0.817488968372345, 0.7376425862312317, 0.8553466796875, 0.785302460193634, 0.6976495981216431, 0.5490196347236633, 0.7662454843521118, 0.7198027968406677, 0.8718934655189514, 0.7949421405792236, 0.5701078772544861, 0.831362783908844, 0.7930258512496948, 0.9027552604675293, 0.9155612587928772, 0.6540880799293518, 0.767193078994751, 0.656410276889801, 0.7126315832138062, 0.7961523532867432, 0.7546683549880981, 0.7932868003845215, 0.8441018462181091, 0.8895750045776367, 0.8848033547401428, 0.7878275513648987, 0.8631336688995361, 0.8683438301086426, 0.8571992516517639, 0.8899986147880554, 0.7649425864219666, 0.6577629446983337, 0.7370564341545105, 0.38451120257377625, 0.8323382139205933, 0.8288208246231079, 0.8613595962524414, 0.8952222466468811, 0.9007587432861328, 0.8732578158378601, 0.7767741680145264, 0.7879838347434998, 0.6824925541877747, 0.7111221551895142, 0.575028657913208, 0.8712216019630432, 0.7820971012115479, 0.7631934881210327, 0.7973510026931763, 0.7585247159004211, 0.7043105363845825, 0.8136405348777771, 0.8656609654426575, 0.914368748664856, 0.8993802666664124, 0.8111733794212341, 0.8723596334457397, 0.7649173140525818, 0.6613651514053345, 0.7291666865348816, 0.7112241387367249, 0.8386785984039307, 0.8443711996078491, 0.4425237774848938, 0.8209662437438965, 0.7749611735343933, 0.8956187963485718, 0.7569730877876282, 0.5518518686294556, 0.4961373507976532, 0.8586375713348389, 0.790770947933197]
ind_avds: [21.13037872314453, 3.8915762901306152, 8.983111381530762, 15.498154640197754, 4.586103916168213, 15.51698112487793, 0.5235602259635925, 9.42760944366455, 5.445544719696045, 39.98119354248047, 10.440389633178711, 0.5075815916061401, 34.487022399902344, 0.5920344591140747, 19.5712947845459, 11.98630142211914, 35.79136657714844, 71.47286987304688, 11.334551811218262, 5.1094889640808105, 27.09620475769043, 25.39426040649414, 3.503533363342285, 4.087452411651611, 14.987405776977539, 44.44444274902344, 14.418893814086914, 3.4856746196746826, 7.046070575714111, 4.13223123550415, 17.68402099609375, 18.06087875366211, 48.21958541870117, 20.134611129760742, 16.41832160949707, 12.904953002929688, 26.38888931274414, 2.4970736503601074, 30.940250396728516, 18.952007293701172, 19.928211212158203, 28.6711483001709, 0.5356186628341675, 16.850828170776367, 5.954465866088867, 19.837158203125, 16.66666603088379, 8.825541496276855, 43.61445617675781, 2.47795033454895, 17.182411193847656, 6.279434680938721, 8.156649589538574, 64.11959838867188, 7.549019813537598, 27.43362808227539, 26.800365447998047, 10.454797744750977, 5.3884711265563965, 36.929134368896484, 18.43842887878418, 13.893653869628906, 9.55864429473877, 28.23151206970215, 1.5331100225448608, 11.874444961547852, 23.831621170043945, 16.306598663330078, 26.80865478515625, 13.975154876708984, 37.92387390136719, 302.4445495605469, 25.501548767089844, 14.503332138061523, 8.755187034606934, 0.3495921492576599, 5.642941474914551, 2.6259288787841797, 8.613728523254395, 4.127358436584473, 30.65326690673828, 19.12691307067871, 30.155641555786133, 5.428919315338135, 19.3205509185791, 2.783222198486328, 6.5004658699035645, 2.6098902225494385, 29.483224868774414, 13.489165306091309, 9.89309310913086, 1.1941790580749512, 10.282333374023438, 7.488986968994141, 10.395036697387695, 39.15753173828125, 31.087289810180664, 11.456628799438477, 9.875690460205078, 6.298430442810059, 5.073860168457031, 144.34524536132812, 5.347264766693115, 6.312625408172607, 1.3896807432174683, 24.809160232543945, 66.8863296508789, 39.97252655029297, 14.930697441101074, 31.00794219970703]
ueos: [0.0014056256040930748, 0.21773283183574677, 0.27253258228302, 0.3106425106525421, 0.34126824140548706, 0.36625951528549194, 0.38732799887657166, 0.40499427914619446, 0.4199555814266205, 0.4305468797683716, 0.4365847706794739, 0.4368073344230652, 0.42498835921287537, 0.3835505545139313, 0.09400909394025803, 0.024619966745376587, 0.01762055791914463, 0.013249591924250126, 0.009680536575615406, 0.006963787134736776, 0.0044728959910571575, 0.0018989263335242867]
mean_FN_coverage: [0.6910039186477661, 0.6531078219413757, 0.6324219703674316, 0.6115633249282837, 0.5931693911552429, 0.5752873420715332, 0.5524742603302002, 0.5303221940994263, 0.5018038153648376, 0.4697873890399933, 0.43503209948539734, 0.3956068158149719, 0.3393471837043762, 0.2581794261932373, 0.03975284472107887, 0.005935514811426401, 0.0038662003353238106, 0.002992180874571204, 0.0018868502229452133, 0.0013316328404471278, 0.0008794822497293353, 0.000360572652425617]
size_entirely_missed_lesions: [nan, 3.2101449966430664, 3.161904811859131, 3.2985074520111084, 3.4410877227783203, 3.395721912384033, 3.3372092247009277, 3.3771185874938965, 3.3314499855041504, 3.3154361248016357, 3.345201253890991, 3.456860065460205, 3.5090205669403076, 3.5430538654327393, 3.7155797481536865, 3.738825559616089, 3.7471566200256348, 3.75437068939209, 3.753711700439453, 3.7582898139953613, 3.762859582901001, 3.7615318298339844]
mean_missed_lesion_coverage: [1.0, 0.8123921751976013, 0.7238767147064209, 0.6452295780181885, 0.5820454955101013, 0.5329523682594299, 0.47252482175827026, 0.42437300086021423, 0.37167835235595703, 0.31591126322746277, 0.27349743247032166, 0.23196937143802643, 0.18631982803344727, 0.1235710009932518, 0.020516743883490562, 0.0040159146301448345, 0.003466782858595252, 0.002688328269869089, 0.001721303560771048, 0.0011410890147089958, 0.0010443864157423377, 0.0]
prop_entirely_missed: [0.0, 0.02249022200703621, 0.0342242494225502, 0.04367666319012642, 0.0539439357817173, 0.06095176190137863, 0.07007822394371033, 0.07692307978868484, 0.08653846383094788, 0.09713168442249298, 0.1052803099155426, 0.11522164195775986, 0.1264667510986328, 0.1419491469860077, 0.17992177605628967, 0.18595175445079803, 0.18627770245075226, 0.18644067645072937, 0.18660365045070648, 0.1867666244506836, 0.1869295984506607, 0.18725554645061493]
