bras: 0.9192236885428429
ece: 0.08499094762425959
dice: 0.7599999904632568
f1: 0.7300000190734863
avd: 20.65999984741211
hd95: 3.9000000953674316
recall: 0.7200000286102295
max ueo: 0.4368073344230652
undetected clusters at max ueo: 0.11522164195775986
confidences: [           nan 5.60508706e-05 7.55926147e-02 1.29710987e-01
 1.82883114e-01 2.35940635e-01 2.88872749e-01 3.41707528e-01
 3.94245952e-01 4.47398961e-01 4.99742687e-01 5.52529097e-01
 6.05332792e-01 6.58125639e-01 7.10890889e-01 7.63723910e-01
 8.16656590e-01 8.69745553e-01 9.23451126e-01 9.86834288e-01]
accuracies: [           nan 6.37369722e-05 7.06841638e-02 1.12710081e-01
 1.54110920e-01 1.84864458e-01 2.28194103e-01 2.64688297e-01
 2.98558634e-01 3.39666409e-01 3.79460669e-01 4.21256727e-01
 4.70563007e-01 5.17135608e-01 5.69554455e-01 6.21404318e-01
 6.82957914e-01 7.56128441e-01 8.36178462e-01 9.60448123e-01]
