confidences: [           nan 2.80258741e-04 7.48442188e-02 1.29604459e-01
 1.82689488e-01 2.35546008e-01 2.88353115e-01 3.41205806e-01
 3.94008249e-01 4.46795672e-01 4.99616504e-01 5.52275658e-01
 6.04985178e-01 6.57753766e-01 7.10490167e-01 7.63302386e-01
 8.16025496e-01 8.69241476e-01 9.22912836e-01 9.83030558e-01]
accuracies: [           nan 5.26150961e-05 1.21244660e-02 2.55032719e-02
 4.98777398e-02 8.61250190e-02 1.37417579e-01 1.99837011e-01
 2.74879154e-01 3.47995467e-01 4.32574817e-01 5.10942108e-01
 5.86815997e-01 6.57327855e-01 7.22867317e-01 7.87641000e-01
 8.38575578e-01 8.82644991e-01 9.31789929e-01 9.84149151e-01]
ind_eces: [0.07773112991485409, 0.06404650601628413, 0.15065913250705082, 0.2458599126541302, 0.13491464348912563, 0.1433130691950464, 0.19894910258032325, 0.20042333546878155, 0.09576769924708488, 0.16684622366498514, 0.10176472690213484, 0.07040399831797295, 0.12336653760920709, 0.06416413947071208, 0.06711681290547573, 0.1632436352533424, 0.26858401669711135, 0.08410789272868884, 0.18361023688673703, 0.18030535523109562, 0.24194582646866752, 0.0982147455954131, 0.05134506760583722, 0.19570783400168443, 0.19906018218186425, 0.215916249419258, 0.09990090126689637, 0.062344999389785626, 0.24094879448097148, 0.21784076747495987, 0.10726476506295676, 0.12923661164428937, 0.19419429128595742, 0.12207137519921381, 0.1667910466090142, 0.13350374298294274, 0.15742747346091196, 0.12237878365469625, 0.2335241974783326, 0.23697875097877955, 0.06478499774363579, 0.1826164047089715, 0.16214027271360093, 0.23026472182438398, 0.12414006706370438, 0.07710030951766066, 0.14125670736349094, 0.09297120230292906, 0.18935351587044882, 0.08045710857679732, 0.10539298947721291, 0.1282813308326881, 0.12930468419607802, 0.18311946064872126, 0.08384069679418006, 0.09992829002954207, 0.07465524144402512, 0.07580443872449966, 0.07769196898969262, 0.12029006155444459, 0.08660049875338172, 0.10267673078184206, 0.11754296608559385, 0.10537783551862875, 0.08423229342311518, 0.0961767169529352, 0.09356039710860145, 0.10297163023572094, 0.08396126484600794, 0.11102090069403606, 0.09864633786446533, 0.217279043669305, 0.10063614678046026, 0.13470056171419595, 0.09644403662029993, 0.11079998060367005, 0.16820243503310073, 0.09581288670094282, 0.09900304985137208, 0.10233693101362494, 0.13198750467599943, 0.10688451179133734, 0.15784364713332316, 0.07266005325229791, 0.05064722280219339, 0.0763721844358624, 0.1491417746606914, 0.1994193393745924, 0.12760679856087626, 0.12555661672637827, 0.0766701982115764, 0.0875227231463128, 0.09792003349063938, 0.03897480071481639, 0.0968436443590603, 0.2207313540135023, 0.334053470512481, 0.2115862654325576, 0.12107059940452908, 0.12777958948743678, 0.11099508370549573, 0.37866113927658634, 0.11174700074279421, 0.2638250178693566, 0.07662088376113887, 0.13388221877275253, 0.32953325074720374, 0.192960782841201, 0.08993780185762376, 0.25690619012028637]
ind_hd95s: [4.0, 1.0, 1.4142135381698608, 26.29446029663086, 1.4142135381698608, 1.4142135381698608, 2.0, 10.049875259399414, 1.4142135381698608, 2.2360680103302, 1.0, 1.4142135381698608, 9.452479362487793, 1.0, 3.316624879837036, 3.7416574954986572, 3.605551242828369, 15.145904541015625, 2.4494898319244385, 2.188854455947876, 4.110795021057129, 2.0, 1.4142135381698608, 1.7320507764816284, 1.7320507764816284, 1.7320507764816284, 1.0, 1.0, 5.014853000640869, 3.7416574954986572, 3.0, 1.0, 4.164942741394043, 1.4142135381698608, 1.0, 3.316624879837036, 2.2360680103302, 1.4142135381698608, 2.0, 2.4494898319244385, 1.0, 1.7320507764816284, 3.1622776985168457, 5.0, 1.4142135381698608, 4.123105525970459, 1.4142135381698608, 1.4142135381698608, 22.203603744506836, 3.0, 1.4142135381698608, 1.7320507764816284, 1.4142135381698608, 7.622310161590576, 4.242640495300293, 4.493963718414307, 5.024755001068115, 1.7320507764816284, 8.608118057250977, 1.0, 1.0, 1.4142135381698608, 1.4142135381698608, 1.4142135381698608, 1.4142135381698608, 1.4142135381698608, 1.0, 1.0, 1.7320507764816284, 9.823150634765625, 1.866025447845459, 15.620499610900879, 1.0, 1.4142135381698608, 1.4142135381698608, 1.0, 1.7320507764816284, 1.4142135381698608, 17.395366668701172, 4.582575798034668, 8.065346717834473, 3.0, 15.033296585083008, 1.4142135381698608, 1.4142135381698608, 5.0, 2.0, 9.88430404663086, 4.358899116516113, 4.582575798034668, 1.7320507764816284, 1.0, 1.0, 1.4142135381698608, 1.0, 3.0, 16.031219482421875, 11.694001197814941, 5.74456262588501, 1.4142135381698608, 1.0, 23.6716365814209, 1.3106601238250732, 10.885552406311035, 1.0, 2.4494898319244385, 17.9749813079834, 21.439420700073242, 1.4142135381698608, 5.099019527435303]
ind_dices: [0.6991121172904968, 0.8582794070243835, 0.7662650346755981, 0.49000000953674316, 0.8319160342216492, 0.7702283263206482, 0.6509070992469788, 0.6629213690757751, 0.7074589729309082, 0.7004726529121399, 0.8177167773246765, 0.8541072010993958, 0.658823549747467, 0.893064022064209, 0.6926320791244507, 0.7878357172012329, 0.6369181275367737, 0.5119705200195312, 0.6995481848716736, 0.6086956262588501, 0.6425517797470093, 0.8236371278762817, 0.8169430494308472, 0.6708229184150696, 0.6948068737983704, 0.7294434905052185, 0.8077594637870789, 0.8721413016319275, 0.5995975732803345, 0.5615894198417664, 0.6944567561149597, 0.8225756883621216, 0.5614275932312012, 0.8302783966064453, 0.8240258097648621, 0.7739946246147156, 0.6998884081840515, 0.7326292395591736, 0.7866398096084595, 0.6849623918533325, 0.8636424541473389, 0.7778511643409729, 0.6800472140312195, 0.5574468374252319, 0.7703761458396912, 0.7203035950660706, 0.8436113595962524, 0.7779005765914917, 0.5686695575714111, 0.81559157371521, 0.8055124282836914, 0.8499224781990051, 0.8887107372283936, 0.657681941986084, 0.7466529607772827, 0.648910403251648, 0.697029709815979, 0.7792907357215881, 0.749202311038971, 0.8213707208633423, 0.8391293287277222, 0.8804709315299988, 0.877447783946991, 0.7962675094604492, 0.8217505812644958, 0.8683890700340271, 0.8826174736022949, 0.8991950154304504, 0.7575857639312744, 0.5654951930046082, 0.7463863492012024, 0.686906635761261, 0.8436911702156067, 0.8027923107147217, 0.8396769165992737, 0.880867063999176, 0.8078140020370483, 0.8334221243858337, 0.7686274647712708, 0.7780548334121704, 0.6570915579795837, 0.6596378684043884, 0.6461011171340942, 0.8447519540786743, 0.7825803160667419, 0.7601970434188843, 0.7645747065544128, 0.6395995616912842, 0.7348498106002808, 0.8050952553749084, 0.8474744558334351, 0.8974189758300781, 0.8926169276237488, 0.7780896425247192, 0.8552049994468689, 0.7480636835098267, 0.42621633410453796, 0.6622516512870789, 0.6568291187286377, 0.8119785189628601, 0.8146282434463501, 0.30892571806907654, 0.7992998957633972, 0.5967914462089539, 0.8824259042739868, 0.7556995153427124, 0.39602386951446533, 0.5447470545768738, 0.8484244346618652, 0.6805400848388672]
ind_avds: [4.688503742218018, 6.092299461364746, 23.67948341369629, 21.40221405029297, 18.4132080078125, 18.822641372680664, 38.08900451660156, 39.73064041137695, 0.5304101705551147, 12.872590065002441, 11.867197036743164, 6.489334583282471, 0.37082818150520325, 3.567584276199341, 12.162161827087402, 19.08468246459961, 80.12590026855469, 31.627906799316406, 42.77879333496094, 26.642335891723633, 68.40247344970703, 6.898857593536377, 11.545735359191895, 28.707223892211914, 46.15869140625, 46.58119583129883, 13.590221405029297, 1.6819394826889038, 69.37669372558594, 49.58677673339844, 2.4236984252929688, 19.72942543029785, 16.172107696533203, 15.959388732910156, 22.350994110107422, 8.380187034606934, 26.3468017578125, 10.573546409606934, 41.29226303100586, 60.528892517089844, 1.3028450012207031, 34.85005187988281, 26.83449363708496, 59.66850662231445, 23.467599868774414, 4.95928955078125, 24.006410598754883, 6.385404586791992, 24.57831382751465, 1.7429651021957397, 9.771986961364746, 20.806665420532227, 14.107389450073242, 46.511627197265625, 9.607843399047852, 17.256637573242188, 15.861440658569336, 14.669994354248047, 3.634085178375244, 18.858266830444336, 9.656652450561523, 9.142367362976074, 11.972689628601074, 6.752411365509033, 14.248905181884766, 5.152502059936523, 3.4692299365997314, 0.3699319362640381, 5.00338077545166, 5.590062141418457, 10.657439231872559, 54.83871078491211, 7.338090896606445, 18.21643829345703, 12.48962688446045, 9.538871765136719, 29.148643493652344, 14.00495433807373, 11.2382230758667, 10.849056243896484, 0.0717875063419342, 3.64536452293396, 27.042800903320312, 12.226669311523438, 8.566069602966309, 1.058408498764038, 19.408201217651367, 46.978023529052734, 17.007328033447266, 15.997077941894531, 11.700322151184082, 6.537436008453369, 10.72418212890625, 10.587878227233887, 9.078248023986816, 46.95895004272461, 180.85757446289062, 47.135841369628906, 1.2430939674377441, 14.305583000183105, 12.502676010131836, 356.8452453613281, 10.69452953338623, 81.06212615966797, 4.7035346031188965, 14.653761863708496, 214.33277893066406, 11.813186645507812, 15.970240592956543, 46.66122817993164]
ueos: [0.001531856250949204, 0.07249687612056732, 0.11048080772161484, 0.14846864342689514, 0.17757339775562286, 0.203322634100914, 0.22825483977794647, 0.2542301118373871, 0.28227099776268005, 0.31326988339424133, 0.3465060889720917, 0.3808644413948059, 0.41236141324043274, 0.42170530557632446, 1.872839311545249e-05, 0.0, 0.0, 0.0, 0.0, 0.0, 0.0, 0.0]
mean_FN_coverage: [0.7097457647323608, 0.6539498567581177, 0.647417426109314, 0.6414908766746521, 0.6347754597663879, 0.6287261843681335, 0.6209977269172668, 0.6124653816223145, 0.6025775671005249, 0.5861871838569641, 0.5633292198181152, 0.5278677344322205, 0.4678115248680115, 0.3574177026748657, 0.0, 0.0, 0.0, 0.0, 0.0, 0.0, 0.0, 0.0]
size_entirely_missed_lesions: [nan, 5.3796610832214355, 5.2613983154296875, 5.110169410705566, 4.97662353515625, 4.865196228027344, 4.795823574066162, 4.7089715003967285, 4.675732135772705, 4.571705341339111, 4.449652671813965, 4.333333492279053, 4.270457744598389, 4.254275798797607, 4.167330741882324, 4.167330741882324, 4.167330741882324, 4.167330741882324, 4.167330741882324, 4.167330741882324, 4.167330741882324, 4.167330741882324]
mean_missed_lesion_coverage: [1.0, 0.7395874261856079, 0.7120001316070557, 0.6881124973297119, 0.6601502299308777, 0.6362829208374023, 0.6087827682495117, 0.580216109752655, 0.547492265701294, 0.49881401658058167, 0.44459015130996704, 0.375457763671875, 0.28909990191459656, 0.17722947895526886, 0.0, 0.0, 0.0, 0.0, 0.0, 0.0, 0.0, 0.0]
prop_entirely_missed: [0.0, 0.048076923936605453, 0.053617991507053375, 0.057692307978868484, 0.06274446099996567, 0.06649282574653625, 0.07024119794368744, 0.07447848469018936, 0.07790091633796692, 0.08409386873245239, 0.09387222677469254, 0.10316167026758194, 0.11750326305627823, 0.14292699098587036, 0.20453064143657684, 0.20453064143657684, 0.20453064143657684, 0.20453064143657684, 0.20453064143657684, 0.20453064143657684, 0.20453064143657684, 0.20453064143657684]
