bras: 0.8974578070143858
ece: 0.06153422781213423
dice: 0.7400000095367432
f1: 0.6800000071525574
avd: 26.1299991607666
hd95: 4.329999923706055
recall: 0.7099999785423279
max ueo: 0.42170530557632446
undetected clusters at max ueo: 0.14292699098587036
confidences: [           nan 2.80258741e-04 7.48442188e-02 1.29604459e-01
 1.82689488e-01 2.35546008e-01 2.88353115e-01 3.41205806e-01
 3.94008249e-01 4.46795672e-01 4.99616504e-01 5.52275658e-01
 6.04985178e-01 6.57753766e-01 7.10490167e-01 7.63302386e-01
 8.16025496e-01 8.69241476e-01 9.22912836e-01 9.83030558e-01]
accuracies: [           nan 5.26150961e-05 1.21244660e-02 2.55032719e-02
 4.98777398e-02 8.61250190e-02 1.37417579e-01 1.99837011e-01
 2.74879154e-01 3.47995467e-01 4.32574817e-01 5.10942108e-01
 5.86815997e-01 6.57327855e-01 7.22867317e-01 7.87641000e-01
 8.38575578e-01 8.82644991e-01 9.31789929e-01 9.84149151e-01]
